# Blender v2.66 (sub 1) OBJ File: ''
# www.blender.org
mtllib color.mtl
o color_ID7
v 0.000132 0.301845 0.002474
v 0.000132 0.467199 0.002474
v -0.009367 0.302448 -0.000539
v -0.009661 0.302448 0.000628
v -0.009812 0.302448 0.001821
v -0.009818 0.302448 0.003025
v -0.009679 0.302448 0.004220
v -0.009397 0.302448 0.005390
v -0.008976 0.302448 0.006517
v -0.008422 0.302448 0.007586
v -0.007744 0.302448 0.008580
v -0.006950 0.302448 0.009485
v -0.006053 0.302448 0.010287
v -0.005067 0.302448 0.010976
v -0.004004 0.302448 0.011541
v -0.002881 0.302448 0.011973
v -0.001714 0.302448 0.012267
v -0.000520 0.302448 0.012418
v 0.000683 0.302448 0.012424
v 0.001879 0.302448 0.012285
v 0.003049 0.302448 0.012003
v 0.004176 0.302448 0.011582
v 0.005244 0.302448 0.011028
v 0.006238 0.302448 0.010350
v 0.007143 0.302448 0.009556
v 0.007946 0.302448 0.008660
v 0.008634 0.302448 0.007673
v 0.009199 0.302448 0.006610
v 0.009632 0.302448 0.005487
v 0.009926 0.302448 0.004320
v 0.010077 0.302448 0.003126
v 0.010083 0.302448 0.001923
v 0.009944 0.302448 0.000728
v 0.009662 0.302448 -0.000442
v 0.009241 0.302448 -0.001570
v 0.008687 0.302448 -0.002638
v 0.008008 0.302448 -0.003632
v 0.007215 0.302448 -0.004537
v 0.006318 0.302448 -0.005339
v 0.005331 0.302448 -0.006028
v 0.004269 0.302448 -0.006593
v 0.003146 0.302448 -0.007025
v 0.001979 0.302448 -0.007319
v 0.000785 0.302448 -0.007470
v -0.000419 0.302448 -0.007477
v -0.001614 0.302448 -0.007338
v -0.002784 0.302448 -0.007056
v -0.003911 0.302448 -0.006635
v -0.004980 0.302448 -0.006081
v -0.005973 0.302448 -0.005402
v -0.006878 0.302448 -0.004609
v -0.007681 0.302448 -0.003712
v -0.008370 0.302448 -0.002725
v -0.008934 0.302448 -0.001662
v -0.018727 0.304247 -0.003509
v -0.019311 0.304247 -0.001192
v -0.019611 0.304247 0.001178
v -0.019623 0.304247 0.003568
v -0.019347 0.304247 0.005941
v -0.018787 0.304247 0.008264
v -0.017952 0.304247 0.010502
v -0.016852 0.304247 0.012623
v -0.015505 0.304247 0.014597
v -0.013930 0.304247 0.016393
v -0.012149 0.304247 0.017987
v -0.010190 0.304247 0.019354
v -0.008080 0.304247 0.020475
v -0.005850 0.304247 0.021334
v -0.003533 0.304247 0.021917
v -0.001163 0.304247 0.022217
v 0.001226 0.304247 0.022230
v 0.003600 0.304247 0.021954
v 0.005922 0.304247 0.021394
v 0.008161 0.304247 0.020558
v 0.010282 0.304247 0.019458
v 0.012255 0.304247 0.018111
v 0.014052 0.304247 0.016536
v 0.015645 0.304247 0.014756
v 0.017012 0.304247 0.012796
v 0.018134 0.304247 0.010686
v 0.018992 0.304247 0.008457
v 0.019576 0.304247 0.006140
v 0.019876 0.304247 0.003769
v 0.019888 0.304247 0.001380
v 0.019612 0.304247 -0.000993
v 0.019052 0.304247 -0.003316
v 0.018216 0.304247 -0.005554
v 0.017117 0.304247 -0.007676
v 0.015770 0.304247 -0.009649
v 0.014194 0.304247 -0.011445
v 0.012414 0.304247 -0.013039
v 0.010455 0.304247 -0.014406
v 0.008345 0.304247 -0.015527
v 0.006115 0.304247 -0.016386
v 0.003798 0.304247 -0.016970
v 0.001428 0.304247 -0.017270
v -0.000961 0.304247 -0.017282
v -0.003335 0.304247 -0.017006
v -0.005658 0.304247 -0.016446
v -0.007896 0.304247 -0.015610
v -0.010017 0.304247 -0.014511
v -0.011990 0.304247 -0.013163
v -0.013787 0.304247 -0.011588
v -0.015380 0.304247 -0.009808
v -0.016748 0.304247 -0.007848
v -0.017869 0.304247 -0.005738
v -0.027813 0.307217 -0.006391
v -0.028678 0.307217 -0.002958
v -0.029122 0.307217 0.000554
v -0.029140 0.307217 0.004095
v -0.028732 0.307217 0.007611
v -0.027902 0.307217 0.011053
v -0.026663 0.307217 0.014370
v -0.025034 0.307217 0.017513
v -0.023038 0.307217 0.020437
v -0.020704 0.307217 0.023099
v -0.018066 0.307217 0.025460
v -0.015163 0.307217 0.027486
v -0.012036 0.307217 0.029147
v -0.008732 0.307217 0.030419
v -0.005299 0.307217 0.031284
v -0.001787 0.307217 0.031729
v 0.001753 0.307217 0.031747
v 0.005270 0.307217 0.031338
v 0.008712 0.307217 0.030508
v 0.012028 0.307217 0.029270
v 0.015171 0.307217 0.027640
v 0.018095 0.307217 0.025644
v 0.020757 0.307217 0.023310
v 0.023118 0.307217 0.020672
v 0.025144 0.307217 0.017769
v 0.026806 0.307217 0.014642
v 0.028078 0.307217 0.011339
v 0.028943 0.307217 0.007906
v 0.029387 0.307217 0.004393
v 0.029405 0.307217 0.000853
v 0.028997 0.307217 -0.002664
v 0.028167 0.307217 -0.006105
v 0.026928 0.307217 -0.009422
v 0.025299 0.307217 -0.012565
v 0.023303 0.307217 -0.015489
v 0.020969 0.307217 -0.018151
v 0.018331 0.307217 -0.020512
v 0.015427 0.307217 -0.022538
v 0.012301 0.307217 -0.024199
v 0.008997 0.307217 -0.025472
v 0.005564 0.307217 -0.026336
v 0.002052 0.307217 -0.026781
v -0.001488 0.307217 -0.026799
v -0.005005 0.307217 -0.026390
v -0.008447 0.307217 -0.025561
v -0.011763 0.307217 -0.024322
v -0.014907 0.307217 -0.022693
v -0.017830 0.307217 -0.020697
v -0.020492 0.307217 -0.018362
v -0.022854 0.307217 -0.015724
v -0.024879 0.307217 -0.012821
v -0.026541 0.307217 -0.009695
v -0.036491 0.311315 -0.009144
v -0.037624 0.311315 -0.004645
v -0.038207 0.311315 -0.000042
v -0.038231 0.311315 0.004598
v -0.037695 0.311315 0.009207
v -0.036608 0.311315 0.013717
v -0.034985 0.311315 0.018064
v -0.032849 0.311315 0.022183
v -0.030233 0.311315 0.026015
v -0.027174 0.311315 0.029503
v -0.023717 0.311315 0.032598
v -0.019912 0.311315 0.035253
v -0.015815 0.311315 0.037430
v -0.011485 0.311315 0.039097
v -0.006986 0.311315 0.040231
v -0.002383 0.311315 0.040813
v 0.002257 0.311315 0.040837
v 0.006865 0.311315 0.040301
v 0.011376 0.311315 0.039214
v 0.015722 0.311315 0.037591
v 0.019842 0.311315 0.035456
v 0.023673 0.311315 0.032840
v 0.027162 0.311315 0.029781
v 0.030256 0.311315 0.026323
v 0.032911 0.311315 0.022518
v 0.035089 0.311315 0.018421
v 0.036756 0.311315 0.014091
v 0.037889 0.311315 0.009592
v 0.038472 0.311315 0.004989
v 0.038496 0.311315 0.000350
v 0.037960 0.311315 -0.004259
v 0.036873 0.311315 -0.008770
v 0.035249 0.311315 -0.013116
v 0.033114 0.311315 -0.017235
v 0.030498 0.311315 -0.021067
v 0.027439 0.311315 -0.024556
v 0.023982 0.311315 -0.027650
v 0.020177 0.311315 -0.030305
v 0.016080 0.311315 -0.032482
v 0.011750 0.311315 -0.034150
v 0.007251 0.311315 -0.035283
v 0.002648 0.311315 -0.035866
v -0.001992 0.311315 -0.035889
v -0.006600 0.311315 -0.035354
v -0.011111 0.311315 -0.034266
v -0.015458 0.311315 -0.032643
v -0.019577 0.311315 -0.030508
v -0.023409 0.311315 -0.027892
v -0.026897 0.311315 -0.024833
v -0.029991 0.311315 -0.021376
v -0.032647 0.311315 -0.017571
v -0.034824 0.311315 -0.013474
v -0.044635 0.316480 -0.011727
v -0.046020 0.316480 -0.006228
v -0.046733 0.316480 -0.000601
v -0.046762 0.316480 0.005070
v -0.046107 0.316480 0.010704
v -0.044778 0.316480 0.016217
v -0.042794 0.316480 0.021531
v -0.040184 0.316480 0.026566
v -0.036986 0.316480 0.031250
v -0.033247 0.316480 0.035514
v -0.029021 0.316480 0.039297
v -0.024370 0.316480 0.042542
v -0.019361 0.316480 0.045203
v -0.014069 0.316480 0.047241
v -0.008569 0.316480 0.048627
v -0.002942 0.316480 0.049339
v 0.002729 0.316480 0.049368
v 0.008363 0.316480 0.048713
v 0.013876 0.316480 0.047384
v 0.019189 0.316480 0.045400
v 0.024224 0.316480 0.042790
v 0.028908 0.316480 0.039592
v 0.033173 0.316480 0.035853
v 0.036955 0.316480 0.031627
v 0.040201 0.316480 0.026976
v 0.042862 0.316480 0.021967
v 0.044900 0.316480 0.016675
v 0.046285 0.316480 0.011175
v 0.046998 0.316480 0.005549
v 0.047027 0.316480 -0.000123
v 0.046372 0.316480 -0.005756
v 0.045042 0.316480 -0.011270
v 0.043058 0.316480 -0.016583
v 0.040448 0.316480 -0.021618
v 0.037251 0.316480 -0.026302
v 0.033511 0.316480 -0.030566
v 0.029285 0.316480 -0.034349
v 0.024634 0.316480 -0.037594
v 0.019626 0.316480 -0.040255
v 0.014334 0.316480 -0.042294
v 0.008834 0.316480 -0.043679
v 0.003207 0.316480 -0.044391
v -0.002464 0.316480 -0.044420
v -0.008098 0.316480 -0.043765
v -0.013611 0.316480 -0.042436
v -0.018924 0.316480 -0.040452
v -0.023959 0.316480 -0.037842
v -0.028643 0.316480 -0.034644
v -0.032908 0.316480 -0.030905
v -0.036690 0.316480 -0.026679
v -0.039936 0.316480 -0.022028
v -0.042597 0.316480 -0.017020
v -0.052126 0.322637 -0.014104
v -0.053744 0.322637 -0.007684
v -0.054575 0.322637 -0.001116
v -0.054609 0.322637 0.005505
v -0.053844 0.322637 0.012081
v -0.052293 0.322637 0.018517
v -0.049977 0.322637 0.024719
v -0.046930 0.322637 0.030597
v -0.043197 0.322637 0.036065
v -0.038832 0.322637 0.041043
v -0.033899 0.322637 0.045458
v -0.028470 0.322637 0.049247
v -0.022623 0.322637 0.052353
v -0.016445 0.322637 0.054733
v -0.010025 0.322637 0.056350
v -0.003457 0.322637 0.057181
v 0.003163 0.322637 0.057215
v 0.009740 0.322637 0.056451
v 0.016176 0.322637 0.054899
v 0.022378 0.322637 0.052583
v 0.028256 0.322637 0.049536
v 0.033724 0.322637 0.045803
v 0.038701 0.322637 0.041438
v 0.043117 0.322637 0.036505
v 0.046905 0.322637 0.031076
v 0.050012 0.322637 0.025230
v 0.052391 0.322637 0.019051
v 0.054008 0.322637 0.012631
v 0.054840 0.322637 0.006063
v 0.054874 0.322637 -0.000557
v 0.054109 0.322637 -0.007133
v 0.052558 0.322637 -0.013570
v 0.050242 0.322637 -0.019772
v 0.047195 0.322637 -0.025650
v 0.043462 0.322637 -0.031117
v 0.039097 0.322637 -0.036095
v 0.034164 0.322637 -0.040511
v 0.028734 0.322637 -0.044299
v 0.022888 0.322637 -0.047406
v 0.016710 0.322637 -0.049785
v 0.010290 0.322637 -0.051402
v 0.003722 0.322637 -0.052234
v -0.002899 0.322637 -0.052267
v -0.009475 0.322637 -0.051503
v -0.015911 0.322637 -0.049951
v -0.022113 0.322637 -0.047635
v -0.027991 0.322637 -0.044589
v -0.033459 0.322637 -0.040855
v -0.038436 0.322637 -0.036491
v -0.042852 0.322637 -0.031557
v -0.046641 0.322637 -0.026128
v -0.049747 0.322637 -0.020282
v -0.058855 0.329697 -0.016238
v -0.060681 0.329697 -0.008992
v -0.061620 0.329697 -0.001578
v -0.061658 0.329697 0.005895
v -0.060795 0.329697 0.013318
v -0.059043 0.329697 0.020583
v -0.056429 0.329697 0.027584
v -0.052990 0.329697 0.034219
v -0.048776 0.329697 0.040390
v -0.043849 0.329697 0.046009
v -0.038281 0.329697 0.050993
v -0.032153 0.329697 0.055270
v -0.025553 0.329697 0.058776
v -0.018580 0.329697 0.061462
v -0.011333 0.329697 0.063287
v -0.003919 0.329697 0.064226
v 0.003554 0.329697 0.064264
v 0.010977 0.329697 0.063401
v 0.018242 0.329697 0.061650
v 0.025243 0.329697 0.059035
v 0.031877 0.329697 0.055596
v 0.038049 0.329697 0.051383
v 0.043668 0.329697 0.046456
v 0.048652 0.329697 0.040887
v 0.052928 0.329697 0.034759
v 0.056435 0.329697 0.028160
v 0.059120 0.329697 0.021186
v 0.060946 0.329697 0.013939
v 0.061884 0.329697 0.006525
v 0.061922 0.329697 -0.000947
v 0.061060 0.329697 -0.008371
v 0.059308 0.329697 -0.015635
v 0.056694 0.329697 -0.022636
v 0.053255 0.329697 -0.029271
v 0.049041 0.329697 -0.035443
v 0.044114 0.329697 -0.041061
v 0.038546 0.329697 -0.046045
v 0.032418 0.329697 -0.050322
v 0.025818 0.329697 -0.053829
v 0.018844 0.329697 -0.056514
v 0.011598 0.329697 -0.058339
v 0.004184 0.329697 -0.059278
v -0.003289 0.329697 -0.059316
v -0.010712 0.329697 -0.058453
v -0.017977 0.329697 -0.056702
v -0.024978 0.329697 -0.054088
v -0.031612 0.329697 -0.050649
v -0.037784 0.329697 -0.046435
v -0.043403 0.329697 -0.041508
v -0.048387 0.329697 -0.035940
v -0.052663 0.329697 -0.029811
v -0.056170 0.329697 -0.023212
v -0.064725 0.337556 -0.018100
v -0.066732 0.337556 -0.010132
v -0.067764 0.337556 -0.001981
v -0.067805 0.337556 0.006236
v -0.066857 0.337556 0.014397
v -0.064931 0.337556 0.022385
v -0.062057 0.337556 0.030082
v -0.058275 0.337556 0.037377
v -0.053642 0.337556 0.044163
v -0.048225 0.337556 0.050341
v -0.042103 0.337556 0.055821
v -0.035365 0.337556 0.060523
v -0.028109 0.337556 0.064378
v -0.020441 0.337556 0.067331
v -0.012474 0.337556 0.069338
v -0.004322 0.337556 0.070370
v 0.003894 0.337556 0.070412
v 0.012056 0.337556 0.069463
v 0.020043 0.337556 0.067537
v 0.027741 0.337556 0.064663
v 0.035036 0.337556 0.060882
v 0.041821 0.337556 0.056249
v 0.047999 0.337556 0.050832
v 0.053479 0.337556 0.044709
v 0.058181 0.337556 0.037971
v 0.062037 0.337556 0.030715
v 0.064989 0.337556 0.023048
v 0.066996 0.337556 0.015080
v 0.068028 0.337556 0.006929
v 0.068070 0.337556 -0.001288
v 0.067122 0.337556 -0.009450
v 0.065196 0.337556 -0.017437
v 0.062322 0.337556 -0.025135
v 0.058540 0.337556 -0.032429
v 0.053907 0.337556 -0.039215
v 0.048490 0.337556 -0.045393
v 0.042368 0.337556 -0.050873
v 0.035630 0.337556 -0.055575
v 0.028374 0.337556 -0.059430
v 0.020706 0.337556 -0.062383
v 0.012739 0.337556 -0.064390
v 0.004587 0.337556 -0.065422
v -0.003629 0.337556 -0.065464
v -0.011791 0.337556 -0.064515
v -0.019779 0.337556 -0.062590
v -0.027476 0.337556 -0.059715
v -0.034771 0.337556 -0.055934
v -0.041557 0.337556 -0.051301
v -0.047734 0.337556 -0.045884
v -0.053214 0.337556 -0.039762
v -0.057916 0.337556 -0.033023
v -0.061772 0.337556 -0.025768
v -0.069648 0.346100 -0.019662
v -0.071807 0.346100 -0.011089
v -0.072917 0.346100 -0.002319
v -0.072963 0.346100 0.006521
v -0.071942 0.346100 0.015302
v -0.069870 0.346100 0.023896
v -0.066777 0.346100 0.032178
v -0.062709 0.346100 0.040027
v -0.057724 0.346100 0.047327
v -0.051896 0.346100 0.053974
v -0.045309 0.346100 0.059870
v -0.038059 0.346100 0.064929
v -0.030253 0.346100 0.069077
v -0.022003 0.346100 0.072254
v -0.013431 0.346100 0.074413
v -0.004660 0.346100 0.075524
v 0.004180 0.346100 0.075569
v 0.012961 0.346100 0.074548
v 0.021555 0.346100 0.072476
v 0.029837 0.346100 0.069384
v 0.037685 0.346100 0.065315
v 0.044986 0.346100 0.060331
v 0.051633 0.346100 0.054502
v 0.057529 0.346100 0.047915
v 0.062588 0.346100 0.040666
v 0.066736 0.346100 0.032859
v 0.069913 0.346100 0.024609
v 0.072072 0.346100 0.016037
v 0.073182 0.346100 0.007267
v 0.073227 0.346100 -0.001574
v 0.072207 0.346100 -0.010355
v 0.070135 0.346100 -0.018949
v 0.067042 0.346100 -0.027230
v 0.062974 0.346100 -0.035079
v 0.057989 0.346100 -0.042380
v 0.052161 0.346100 -0.049027
v 0.045574 0.346100 -0.054922
v 0.038324 0.346100 -0.059981
v 0.030518 0.346100 -0.064129
v 0.022268 0.346100 -0.067306
v 0.013695 0.346100 -0.069466
v 0.004925 0.346100 -0.070576
v -0.003915 0.346100 -0.070621
v -0.012696 0.346100 -0.069600
v -0.021290 0.346100 -0.067529
v -0.029572 0.346100 -0.064436
v -0.037420 0.346100 -0.060368
v -0.044721 0.346100 -0.055383
v -0.051368 0.346100 -0.049555
v -0.057264 0.346100 -0.042968
v -0.062323 0.346100 -0.035718
v -0.066471 0.346100 -0.027911
v -0.073554 0.355204 -0.020901
v -0.075834 0.355204 -0.011848
v -0.077006 0.355204 -0.002587
v -0.077054 0.355204 0.006748
v -0.075976 0.355204 0.016020
v -0.073788 0.355204 0.025095
v -0.070522 0.355204 0.033841
v -0.066226 0.355204 0.042128
v -0.060963 0.355204 0.049838
v -0.054808 0.355204 0.056857
v -0.047853 0.355204 0.063083
v -0.040197 0.355204 0.068425
v -0.031954 0.355204 0.072805
v -0.023242 0.355204 0.076160
v -0.014190 0.355204 0.078440
v -0.004929 0.355204 0.079613
v 0.004406 0.355204 0.079660
v 0.013679 0.355204 0.078582
v 0.022754 0.355204 0.076394
v 0.031499 0.355204 0.073129
v 0.039787 0.355204 0.068833
v 0.047497 0.355204 0.063569
v 0.054515 0.355204 0.057415
v 0.060741 0.355204 0.050459
v 0.066083 0.355204 0.042803
v 0.070464 0.355204 0.034560
v 0.073818 0.355204 0.025848
v 0.076099 0.355204 0.016796
v 0.077271 0.355204 0.007535
v 0.077319 0.355204 -0.001800
v 0.076241 0.355204 -0.011073
v 0.074053 0.355204 -0.020148
v 0.070787 0.355204 -0.028893
v 0.066491 0.355204 -0.037181
v 0.061228 0.355204 -0.044890
v 0.055073 0.355204 -0.051909
v 0.048117 0.355204 -0.058135
v 0.040462 0.355204 -0.063477
v 0.032218 0.355204 -0.067857
v 0.023507 0.355204 -0.071212
v 0.014455 0.355204 -0.073492
v 0.005194 0.355204 -0.074665
v -0.004141 0.355204 -0.074712
v -0.013414 0.355204 -0.073634
v -0.022489 0.355204 -0.071447
v -0.031234 0.355204 -0.068181
v -0.039522 0.355204 -0.063885
v -0.047232 0.355204 -0.058621
v -0.054251 0.355204 -0.052467
v -0.060476 0.355204 -0.045511
v -0.065818 0.355204 -0.037856
v -0.070199 0.355204 -0.029612
v -0.076385 0.364736 -0.021799
v -0.078753 0.364736 -0.012399
v -0.079970 0.364736 -0.002782
v -0.080020 0.364736 0.006912
v -0.078900 0.364736 0.016541
v -0.076628 0.364736 0.025965
v -0.073237 0.364736 0.035046
v -0.068776 0.364736 0.043652
v -0.063310 0.364736 0.051658
v -0.056919 0.364736 0.058946
v -0.049696 0.364736 0.065411
v -0.041747 0.364736 0.070959
v -0.033186 0.364736 0.075507
v -0.024140 0.364736 0.078991
v -0.014740 0.364736 0.081359
v -0.005123 0.364736 0.082576
v 0.004570 0.364736 0.082626
v 0.014199 0.364736 0.081506
v 0.023623 0.364736 0.079235
v 0.032704 0.364736 0.075843
v 0.041311 0.364736 0.071382
v 0.049316 0.364736 0.065916
v 0.056605 0.364736 0.059525
v 0.063070 0.364736 0.052302
v 0.068617 0.364736 0.044353
v 0.073166 0.364736 0.035793
v 0.076650 0.364736 0.026746
v 0.079017 0.364736 0.017346
v 0.080235 0.364736 0.007729
v 0.080284 0.364736 -0.001964
v 0.079165 0.364736 -0.011593
v 0.076893 0.364736 -0.021017
v 0.073502 0.364736 -0.030098
v 0.069041 0.364736 -0.038704
v 0.063575 0.364736 -0.046710
v 0.057184 0.364736 -0.053999
v 0.049961 0.364736 -0.060464
v 0.042011 0.364736 -0.066011
v 0.033451 0.364736 -0.070560
v 0.024405 0.364736 -0.074043
v 0.015005 0.364736 -0.076411
v 0.005388 0.364736 -0.077629
v -0.004306 0.364736 -0.077678
v -0.013935 0.364736 -0.076559
v -0.023358 0.364736 -0.074287
v -0.032440 0.364736 -0.070896
v -0.041046 0.364736 -0.066435
v -0.049052 0.364736 -0.060969
v -0.056340 0.364736 -0.054578
v -0.062805 0.364736 -0.047355
v -0.068352 0.364736 -0.039405
v -0.072901 0.364736 -0.030845
v -0.078100 0.374556 -0.022343
v -0.080521 0.374556 -0.012732
v -0.081766 0.374556 -0.002899
v -0.081816 0.374556 0.007011
v -0.080672 0.374556 0.016856
v -0.078349 0.374556 0.026491
v -0.074882 0.374556 0.035776
v -0.070321 0.374556 0.044575
v -0.064732 0.374556 0.052760
v -0.058198 0.374556 0.060212
v -0.050813 0.374556 0.066822
v -0.042685 0.374556 0.072494
v -0.033933 0.374556 0.077145
v -0.024684 0.374556 0.080706
v -0.015073 0.374556 0.083127
v -0.005241 0.374556 0.084372
v 0.004670 0.374556 0.084423
v 0.014515 0.374556 0.083278
v 0.024150 0.374556 0.080955
v 0.033435 0.374556 0.077488
v 0.042234 0.374556 0.072927
v 0.050419 0.374556 0.067339
v 0.057871 0.374556 0.060805
v 0.064481 0.374556 0.053420
v 0.070153 0.374556 0.045292
v 0.074803 0.374556 0.036540
v 0.078365 0.374556 0.027291
v 0.080786 0.374556 0.017680
v 0.082031 0.374556 0.007847
v 0.082081 0.374556 -0.002064
v 0.080937 0.374556 -0.011909
v 0.078614 0.374556 -0.021543
v 0.075147 0.374556 -0.030828
v 0.070586 0.374556 -0.039627
v 0.064997 0.374556 -0.047813
v 0.058463 0.374556 -0.055265
v 0.051078 0.374556 -0.061875
v 0.042950 0.374556 -0.067546
v 0.034198 0.374556 -0.072197
v 0.024949 0.374556 -0.075759
v 0.015338 0.374556 -0.078180
v 0.005506 0.374556 -0.079424
v -0.004405 0.374556 -0.079475
v -0.014250 0.374556 -0.078331
v -0.023885 0.374556 -0.076008
v -0.033170 0.374556 -0.072541
v -0.041969 0.374556 -0.067980
v -0.050154 0.374556 -0.062391
v -0.057606 0.374556 -0.055857
v -0.064216 0.374556 -0.048472
v -0.069888 0.374556 -0.040344
v -0.074538 0.374556 -0.031592
v -0.078675 0.384522 -0.022525
v -0.081113 0.384522 -0.012844
v -0.082367 0.384522 -0.002939
v -0.082418 0.384522 0.007045
v -0.081265 0.384522 0.016962
v -0.078926 0.384522 0.026668
v -0.075433 0.384522 0.036021
v -0.070838 0.384522 0.044884
v -0.065209 0.384522 0.053130
v -0.058627 0.384522 0.060636
v -0.051187 0.384522 0.067295
v -0.043000 0.384522 0.073008
v -0.034183 0.384522 0.077693
v -0.024867 0.384522 0.081281
v -0.015185 0.384522 0.083720
v -0.005280 0.384522 0.084974
v 0.004703 0.384522 0.085025
v 0.014620 0.384522 0.083872
v 0.024326 0.384522 0.081532
v 0.033679 0.384522 0.078039
v 0.042543 0.384522 0.073445
v 0.050788 0.384522 0.067815
v 0.058295 0.384522 0.061233
v 0.064954 0.384522 0.053794
v 0.070667 0.384522 0.045606
v 0.075352 0.384522 0.036790
v 0.078940 0.384522 0.027473
v 0.081378 0.384522 0.017791
v 0.082632 0.384522 0.007887
v 0.082683 0.384522 -0.002097
v 0.081530 0.384522 -0.012014
v 0.079191 0.384522 -0.021720
v 0.075698 0.384522 -0.031073
v 0.071103 0.384522 -0.039937
v 0.065474 0.384522 -0.048182
v 0.058891 0.384522 -0.055689
v 0.051452 0.384522 -0.062347
v 0.043265 0.384522 -0.068061
v 0.034448 0.384522 -0.072745
v 0.025131 0.384522 -0.076333
v 0.015450 0.384522 -0.078772
v 0.005545 0.384522 -0.080026
v -0.004438 0.384522 -0.080077
v -0.014356 0.384522 -0.078924
v -0.024061 0.384522 -0.076584
v -0.033414 0.384522 -0.073091
v -0.042278 0.384522 -0.068497
v -0.050524 0.384522 -0.062868
v -0.058030 0.384522 -0.056285
v -0.064689 0.384522 -0.048846
v -0.070402 0.384522 -0.040658
v -0.075087 0.384522 -0.031842
v -0.078100 0.394488 -0.022343
v -0.080521 0.394488 -0.012732
v -0.081766 0.394488 -0.002899
v -0.081816 0.394488 0.007011
v -0.080672 0.394488 0.016856
v -0.078349 0.394488 0.026491
v -0.074882 0.394488 0.035776
v -0.070321 0.394488 0.044575
v -0.064732 0.394488 0.052760
v -0.058198 0.394488 0.060212
v -0.050813 0.394488 0.066822
v -0.042685 0.394488 0.072494
v -0.033933 0.394488 0.077145
v -0.024684 0.394488 0.080706
v -0.015073 0.394488 0.083127
v -0.005241 0.394488 0.084372
v 0.004670 0.394488 0.084423
v 0.014515 0.394488 0.083278
v 0.024150 0.394488 0.080955
v 0.033435 0.394488 0.077488
v 0.042234 0.394488 0.072927
v 0.050419 0.394488 0.067339
v 0.057871 0.394488 0.060805
v 0.064481 0.394488 0.053420
v 0.070153 0.394488 0.045292
v 0.074803 0.394488 0.036540
v 0.078365 0.394488 0.027291
v 0.080786 0.394488 0.017680
v 0.082031 0.394488 0.007847
v 0.082081 0.394488 -0.002064
v 0.080937 0.394488 -0.011909
v 0.078614 0.394488 -0.021543
v 0.075147 0.394488 -0.030828
v 0.070586 0.394488 -0.039627
v 0.064997 0.394488 -0.047813
v 0.058463 0.394488 -0.055265
v 0.051078 0.394488 -0.061875
v 0.042950 0.394488 -0.067546
v 0.034198 0.394488 -0.072197
v 0.024949 0.394488 -0.075759
v 0.015338 0.394488 -0.078180
v 0.005506 0.394488 -0.079424
v -0.004405 0.394488 -0.079475
v -0.014250 0.394488 -0.078331
v -0.023885 0.394488 -0.076008
v -0.033170 0.394488 -0.072541
v -0.041969 0.394488 -0.067980
v -0.050154 0.394488 -0.062391
v -0.057606 0.394488 -0.055857
v -0.064216 0.394488 -0.048472
v -0.069888 0.394488 -0.040344
v -0.074538 0.394488 -0.031592
v -0.076385 0.404308 -0.021799
v -0.078753 0.404308 -0.012399
v -0.079970 0.404308 -0.002782
v -0.080020 0.404308 0.006912
v -0.078900 0.404308 0.016541
v -0.076628 0.404308 0.025965
v -0.073237 0.404308 0.035046
v -0.068776 0.404308 0.043652
v -0.063310 0.404308 0.051658
v -0.056919 0.404308 0.058946
v -0.049696 0.404308 0.065411
v -0.041747 0.404308 0.070959
v -0.033186 0.404308 0.075507
v -0.024140 0.404308 0.078991
v -0.014740 0.404308 0.081359
v -0.005123 0.404308 0.082576
v 0.004570 0.404308 0.082626
v 0.014199 0.404308 0.081506
v 0.023623 0.404308 0.079235
v 0.032704 0.404308 0.075843
v 0.041311 0.404308 0.071382
v 0.049316 0.404308 0.065916
v 0.056605 0.404308 0.059525
v 0.063070 0.404308 0.052302
v 0.068617 0.404308 0.044353
v 0.073166 0.404308 0.035793
v 0.076650 0.404308 0.026746
v 0.079017 0.404308 0.017346
v 0.080235 0.404308 0.007729
v 0.080284 0.404308 -0.001964
v 0.079165 0.404308 -0.011593
v 0.076893 0.404308 -0.021017
v 0.073502 0.404308 -0.030098
v 0.069041 0.404308 -0.038704
v 0.063575 0.404308 -0.046710
v 0.057184 0.404308 -0.053999
v 0.049961 0.404308 -0.060464
v 0.042011 0.404308 -0.066011
v 0.033451 0.404308 -0.070560
v 0.024405 0.404308 -0.074043
v 0.015005 0.404308 -0.076411
v 0.005388 0.404308 -0.077629
v -0.004306 0.404308 -0.077678
v -0.013935 0.404308 -0.076559
v -0.023358 0.404308 -0.074287
v -0.032440 0.404308 -0.070896
v -0.041046 0.404308 -0.066435
v -0.049052 0.404308 -0.060969
v -0.056340 0.404308 -0.054578
v -0.062805 0.404308 -0.047355
v -0.068352 0.404308 -0.039405
v -0.072901 0.404308 -0.030845
v -0.073554 0.413840 -0.020901
v -0.075834 0.413840 -0.011848
v -0.077006 0.413840 -0.002587
v -0.077054 0.413840 0.006748
v -0.075976 0.413840 0.016020
v -0.073788 0.413840 0.025095
v -0.070522 0.413840 0.033841
v -0.066226 0.413840 0.042128
v -0.060963 0.413840 0.049838
v -0.054808 0.413840 0.056857
v -0.047853 0.413840 0.063083
v -0.040197 0.413840 0.068425
v -0.031954 0.413840 0.072805
v -0.023242 0.413840 0.076160
v -0.014190 0.413840 0.078440
v -0.004929 0.413840 0.079613
v 0.004406 0.413840 0.079660
v 0.013679 0.413840 0.078582
v 0.022754 0.413840 0.076394
v 0.031499 0.413840 0.073129
v 0.039787 0.413840 0.068833
v 0.047497 0.413840 0.063569
v 0.054515 0.413840 0.057415
v 0.060741 0.413840 0.050459
v 0.066083 0.413840 0.042803
v 0.070464 0.413840 0.034560
v 0.073818 0.413840 0.025848
v 0.076099 0.413840 0.016796
v 0.077271 0.413840 0.007535
v 0.077319 0.413840 -0.001800
v 0.076241 0.413840 -0.011073
v 0.074053 0.413840 -0.020148
v 0.070787 0.413840 -0.028893
v 0.066491 0.413840 -0.037181
v 0.061228 0.413840 -0.044890
v 0.055073 0.413840 -0.051909
v 0.048117 0.413840 -0.058135
v 0.040462 0.413840 -0.063477
v 0.032218 0.413840 -0.067857
v 0.023507 0.413840 -0.071212
v 0.014455 0.413840 -0.073492
v 0.005194 0.413840 -0.074665
v -0.004141 0.413840 -0.074712
v -0.013414 0.413840 -0.073634
v -0.022489 0.413840 -0.071447
v -0.031234 0.413840 -0.068181
v -0.039522 0.413840 -0.063885
v -0.047232 0.413840 -0.058621
v -0.054251 0.413840 -0.052467
v -0.060476 0.413840 -0.045511
v -0.065818 0.413840 -0.037856
v -0.070199 0.413840 -0.029612
v -0.069648 0.422944 -0.019662
v -0.071807 0.422944 -0.011089
v -0.072917 0.422944 -0.002319
v -0.072963 0.422944 0.006521
v -0.071942 0.422944 0.015302
v -0.069870 0.422944 0.023896
v -0.066777 0.422944 0.032178
v -0.062709 0.422944 0.040027
v -0.057724 0.422944 0.047327
v -0.051896 0.422944 0.053974
v -0.045309 0.422944 0.059870
v -0.038059 0.422944 0.064929
v -0.030253 0.422944 0.069077
v -0.022003 0.422944 0.072254
v -0.013431 0.422944 0.074413
v -0.004660 0.422944 0.075524
v 0.004180 0.422944 0.075569
v 0.012961 0.422944 0.074548
v 0.021555 0.422944 0.072476
v 0.029837 0.422944 0.069384
v 0.037685 0.422944 0.065315
v 0.044986 0.422944 0.060331
v 0.051633 0.422944 0.054502
v 0.057529 0.422944 0.047915
v 0.062588 0.422944 0.040666
v 0.066736 0.422944 0.032859
v 0.069913 0.422944 0.024609
v 0.072072 0.422944 0.016037
v 0.073182 0.422944 0.007267
v 0.073227 0.422944 -0.001574
v 0.072207 0.422944 -0.010355
v 0.070135 0.422944 -0.018949
v 0.067042 0.422944 -0.027230
v 0.062974 0.422944 -0.035079
v 0.057989 0.422944 -0.042380
v 0.052161 0.422944 -0.049027
v 0.045574 0.422944 -0.054922
v 0.038324 0.422944 -0.059981
v 0.030518 0.422944 -0.064129
v 0.022268 0.422944 -0.067306
v 0.013695 0.422944 -0.069466
v 0.004925 0.422944 -0.070576
v -0.003915 0.422944 -0.070621
v -0.012696 0.422944 -0.069600
v -0.021290 0.422944 -0.067529
v -0.029572 0.422944 -0.064436
v -0.037420 0.422944 -0.060368
v -0.044721 0.422944 -0.055383
v -0.051368 0.422944 -0.049555
v -0.057264 0.422944 -0.042968
v -0.062323 0.422944 -0.035718
v -0.066471 0.422944 -0.027911
v -0.064725 0.431488 -0.018100
v -0.066732 0.431488 -0.010132
v -0.067764 0.431488 -0.001981
v -0.067805 0.431488 0.006236
v -0.066857 0.431488 0.014397
v -0.064931 0.431488 0.022385
v -0.062057 0.431488 0.030082
v -0.058275 0.431488 0.037377
v -0.053642 0.431488 0.044163
v -0.048225 0.431488 0.050341
v -0.042103 0.431488 0.055821
v -0.035365 0.431488 0.060523
v -0.028109 0.431488 0.064378
v -0.020441 0.431488 0.067331
v -0.012474 0.431488 0.069338
v -0.004322 0.431488 0.070370
v 0.003894 0.431488 0.070412
v 0.012056 0.431488 0.069463
v 0.020043 0.431488 0.067537
v 0.027741 0.431488 0.064663
v 0.035036 0.431488 0.060882
v 0.041821 0.431488 0.056249
v 0.047999 0.431488 0.050832
v 0.053479 0.431488 0.044709
v 0.058181 0.431488 0.037971
v 0.062037 0.431488 0.030715
v 0.064989 0.431488 0.023048
v 0.066996 0.431488 0.015080
v 0.068028 0.431488 0.006929
v 0.068070 0.431488 -0.001288
v 0.067122 0.431488 -0.009450
v 0.065196 0.431488 -0.017437
v 0.062322 0.431488 -0.025135
v 0.058540 0.431488 -0.032429
v 0.053907 0.431488 -0.039215
v 0.048490 0.431488 -0.045393
v 0.042368 0.431488 -0.050873
v 0.035630 0.431488 -0.055575
v 0.028374 0.431488 -0.059430
v 0.020706 0.431488 -0.062383
v 0.012739 0.431488 -0.064390
v 0.004587 0.431488 -0.065422
v -0.003629 0.431488 -0.065464
v -0.011791 0.431488 -0.064515
v -0.019779 0.431488 -0.062590
v -0.027476 0.431488 -0.059715
v -0.034771 0.431488 -0.055934
v -0.041557 0.431488 -0.051301
v -0.047734 0.431488 -0.045884
v -0.053214 0.431488 -0.039762
v -0.057916 0.431488 -0.033023
v -0.061772 0.431488 -0.025768
v -0.058855 0.439347 -0.016238
v -0.060681 0.439347 -0.008992
v -0.061620 0.439347 -0.001578
v -0.061658 0.439347 0.005895
v -0.060795 0.439347 0.013318
v -0.059043 0.439347 0.020583
v -0.056429 0.439347 0.027584
v -0.052990 0.439347 0.034219
v -0.048776 0.439347 0.040390
v -0.043849 0.439347 0.046009
v -0.038281 0.439347 0.050993
v -0.032153 0.439347 0.055270
v -0.025553 0.439347 0.058776
v -0.018580 0.439347 0.061462
v -0.011333 0.439347 0.063287
v -0.003919 0.439347 0.064226
v 0.003554 0.439347 0.064264
v 0.010977 0.439347 0.063401
v 0.018242 0.439347 0.061650
v 0.025243 0.439347 0.059035
v 0.031877 0.439347 0.055596
v 0.038049 0.439347 0.051382
v 0.043668 0.439347 0.046456
v 0.048652 0.439347 0.040887
v 0.052928 0.439347 0.034759
v 0.056435 0.439347 0.028160
v 0.059120 0.439347 0.021186
v 0.060946 0.439347 0.013939
v 0.061884 0.439347 0.006525
v 0.061922 0.439347 -0.000947
v 0.061060 0.439347 -0.008371
v 0.059308 0.439347 -0.015635
v 0.056694 0.439347 -0.022636
v 0.053255 0.439347 -0.029271
v 0.049041 0.439347 -0.035443
v 0.044114 0.439347 -0.041061
v 0.038546 0.439347 -0.046045
v 0.032418 0.439347 -0.050322
v 0.025818 0.439347 -0.053829
v 0.018844 0.439347 -0.056514
v 0.011598 0.439347 -0.058339
v 0.004184 0.439347 -0.059278
v -0.003289 0.439347 -0.059316
v -0.010712 0.439347 -0.058453
v -0.017977 0.439347 -0.056702
v -0.024978 0.439347 -0.054088
v -0.031612 0.439347 -0.050649
v -0.037784 0.439347 -0.046435
v -0.043403 0.439347 -0.041508
v -0.048387 0.439347 -0.035940
v -0.052663 0.439347 -0.029811
v -0.056170 0.439347 -0.023212
v -0.052126 0.446407 -0.014104
v -0.053744 0.446407 -0.007684
v -0.054575 0.446407 -0.001116
v -0.054609 0.446407 0.005505
v -0.053844 0.446407 0.012081
v -0.052293 0.446407 0.018517
v -0.049977 0.446407 0.024719
v -0.046930 0.446407 0.030597
v -0.043197 0.446407 0.036065
v -0.038832 0.446407 0.041043
v -0.033899 0.446407 0.045458
v -0.028470 0.446407 0.049247
v -0.022623 0.446407 0.052353
v -0.016445 0.446407 0.054733
v -0.010025 0.446407 0.056350
v -0.003457 0.446407 0.057181
v 0.003163 0.446407 0.057215
v 0.009740 0.446407 0.056451
v 0.016176 0.446407 0.054899
v 0.022378 0.446407 0.052583
v 0.028256 0.446407 0.049536
v 0.033724 0.446407 0.045803
v 0.038701 0.446407 0.041438
v 0.043117 0.446407 0.036505
v 0.046905 0.446407 0.031076
v 0.050012 0.446407 0.025230
v 0.052391 0.446407 0.019051
v 0.054008 0.446407 0.012631
v 0.054840 0.446407 0.006063
v 0.054874 0.446407 -0.000557
v 0.054109 0.446407 -0.007133
v 0.052558 0.446407 -0.013570
v 0.050242 0.446407 -0.019772
v 0.047195 0.446407 -0.025650
v 0.043462 0.446407 -0.031117
v 0.039097 0.446407 -0.036095
v 0.034164 0.446407 -0.040511
v 0.028734 0.446407 -0.044299
v 0.022888 0.446407 -0.047406
v 0.016710 0.446407 -0.049785
v 0.010290 0.446407 -0.051402
v 0.003722 0.446407 -0.052234
v -0.002899 0.446407 -0.052267
v -0.009475 0.446407 -0.051503
v -0.015911 0.446407 -0.049951
v -0.022113 0.446407 -0.047635
v -0.027991 0.446407 -0.044589
v -0.033459 0.446407 -0.040855
v -0.038436 0.446407 -0.036491
v -0.042852 0.446407 -0.031557
v -0.046641 0.446407 -0.026128
v -0.049747 0.446407 -0.020282
v -0.044635 0.452564 -0.011727
v -0.046020 0.452564 -0.006228
v -0.046733 0.452564 -0.000601
v -0.046762 0.452564 0.005070
v -0.046107 0.452564 0.010704
v -0.044778 0.452564 0.016217
v -0.042794 0.452564 0.021531
v -0.040184 0.452564 0.026566
v -0.036986 0.452564 0.031250
v -0.033247 0.452564 0.035514
v -0.029021 0.452564 0.039297
v -0.024370 0.452564 0.042542
v -0.019361 0.452564 0.045203
v -0.014069 0.452564 0.047241
v -0.008569 0.452564 0.048627
v -0.002942 0.452564 0.049339
v 0.002729 0.452564 0.049368
v 0.008363 0.452564 0.048713
v 0.013876 0.452564 0.047384
v 0.019189 0.452564 0.045400
v 0.024224 0.452564 0.042790
v 0.028908 0.452564 0.039592
v 0.033173 0.452564 0.035853
v 0.036955 0.452564 0.031627
v 0.040201 0.452564 0.026976
v 0.042862 0.452564 0.021967
v 0.044900 0.452564 0.016675
v 0.046285 0.452564 0.011175
v 0.046998 0.452564 0.005549
v 0.047027 0.452564 -0.000123
v 0.046372 0.452564 -0.005756
v 0.045042 0.452564 -0.011270
v 0.043058 0.452564 -0.016583
v 0.040448 0.452564 -0.021618
v 0.037251 0.452564 -0.026302
v 0.033511 0.452564 -0.030566
v 0.029286 0.452564 -0.034349
v 0.024634 0.452564 -0.037594
v 0.019626 0.452564 -0.040255
v 0.014334 0.452564 -0.042294
v 0.008834 0.452564 -0.043679
v 0.003207 0.452564 -0.044391
v -0.002464 0.452564 -0.044420
v -0.008098 0.452564 -0.043765
v -0.013611 0.452564 -0.042436
v -0.018924 0.452564 -0.040452
v -0.023959 0.452564 -0.037842
v -0.028643 0.452564 -0.034644
v -0.032908 0.452564 -0.030905
v -0.036690 0.452564 -0.026679
v -0.039936 0.452564 -0.022028
v -0.042597 0.452564 -0.017020
v -0.036491 0.457729 -0.009144
v -0.037624 0.457729 -0.004645
v -0.038207 0.457729 -0.000042
v -0.038231 0.457729 0.004598
v -0.037695 0.457729 0.009207
v -0.036608 0.457729 0.013717
v -0.034985 0.457729 0.018064
v -0.032849 0.457729 0.022183
v -0.030233 0.457729 0.026015
v -0.027174 0.457729 0.029503
v -0.023717 0.457729 0.032598
v -0.019912 0.457729 0.035253
v -0.015815 0.457729 0.037430
v -0.011485 0.457729 0.039097
v -0.006986 0.457729 0.040231
v -0.002383 0.457729 0.040813
v 0.002257 0.457729 0.040837
v 0.006865 0.457729 0.040301
v 0.011376 0.457729 0.039214
v 0.015722 0.457729 0.037591
v 0.019842 0.457729 0.035456
v 0.023673 0.457729 0.032840
v 0.027162 0.457729 0.029781
v 0.030256 0.457729 0.026323
v 0.032911 0.457729 0.022518
v 0.035089 0.457729 0.018421
v 0.036756 0.457729 0.014091
v 0.037889 0.457729 0.009592
v 0.038472 0.457729 0.004989
v 0.038496 0.457729 0.000350
v 0.037960 0.457729 -0.004259
v 0.036873 0.457729 -0.008770
v 0.035249 0.457729 -0.013116
v 0.033114 0.457729 -0.017235
v 0.030498 0.457729 -0.021067
v 0.027439 0.457729 -0.024556
v 0.023982 0.457729 -0.027650
v 0.020177 0.457729 -0.030305
v 0.016080 0.457729 -0.032482
v 0.011750 0.457729 -0.034150
v 0.007251 0.457729 -0.035283
v 0.002648 0.457729 -0.035866
v -0.001992 0.457729 -0.035889
v -0.006600 0.457729 -0.035354
v -0.011111 0.457729 -0.034266
v -0.015458 0.457729 -0.032643
v -0.019577 0.457729 -0.030508
v -0.023409 0.457729 -0.027892
v -0.026897 0.457729 -0.024833
v -0.029991 0.457729 -0.021376
v -0.032647 0.457729 -0.017571
v -0.034824 0.457729 -0.013474
v -0.027813 0.461826 -0.006391
v -0.028678 0.461826 -0.002958
v -0.029122 0.461826 0.000554
v -0.029140 0.461826 0.004095
v -0.028732 0.461826 0.007611
v -0.027902 0.461826 0.011053
v -0.026663 0.461826 0.014370
v -0.025034 0.461826 0.017513
v -0.023038 0.461826 0.020437
v -0.020704 0.461826 0.023099
v -0.018066 0.461826 0.025460
v -0.015163 0.461826 0.027486
v -0.012036 0.461826 0.029147
v -0.008732 0.461826 0.030419
v -0.005299 0.461826 0.031284
v -0.001787 0.461826 0.031729
v 0.001753 0.461826 0.031747
v 0.005270 0.461826 0.031338
v 0.008712 0.461826 0.030508
v 0.012028 0.461826 0.029270
v 0.015171 0.461826 0.027640
v 0.018095 0.461826 0.025644
v 0.020757 0.461826 0.023310
v 0.023118 0.461826 0.020672
v 0.025144 0.461826 0.017769
v 0.026806 0.461826 0.014642
v 0.028078 0.461826 0.011339
v 0.028943 0.461826 0.007906
v 0.029387 0.461826 0.004393
v 0.029405 0.461826 0.000853
v 0.028997 0.461826 -0.002664
v 0.028167 0.461826 -0.006105
v 0.026928 0.461826 -0.009422
v 0.025299 0.461826 -0.012565
v 0.023303 0.461826 -0.015489
v 0.020969 0.461826 -0.018151
v 0.018331 0.461826 -0.020512
v 0.015427 0.461826 -0.022538
v 0.012301 0.461826 -0.024199
v 0.008997 0.461826 -0.025472
v 0.005564 0.461826 -0.026336
v 0.002052 0.461826 -0.026781
v -0.001488 0.461826 -0.026799
v -0.005005 0.461826 -0.026390
v -0.008447 0.461826 -0.025561
v -0.011763 0.461826 -0.024322
v -0.014907 0.461826 -0.022693
v -0.017830 0.461826 -0.020697
v -0.020492 0.461826 -0.018362
v -0.022854 0.461826 -0.015724
v -0.024879 0.461826 -0.012821
v -0.026541 0.461826 -0.009695
v -0.018727 0.464797 -0.003509
v -0.019311 0.464797 -0.001192
v -0.019611 0.464797 0.001178
v -0.019623 0.464797 0.003568
v -0.019347 0.464797 0.005941
v -0.018787 0.464797 0.008264
v -0.017952 0.464797 0.010502
v -0.016852 0.464797 0.012623
v -0.015505 0.464797 0.014597
v -0.013930 0.464797 0.016393
v -0.012149 0.464797 0.017987
v -0.010190 0.464797 0.019354
v -0.008080 0.464797 0.020475
v -0.005850 0.464797 0.021334
v -0.003533 0.464797 0.021917
v -0.001163 0.464797 0.022217
v 0.001226 0.464797 0.022230
v 0.003600 0.464797 0.021954
v 0.005922 0.464797 0.021394
v 0.008161 0.464797 0.020558
v 0.010282 0.464797 0.019458
v 0.012255 0.464797 0.018111
v 0.014052 0.464797 0.016536
v 0.015645 0.464797 0.014756
v 0.017012 0.464797 0.012796
v 0.018134 0.464797 0.010686
v 0.018992 0.464797 0.008457
v 0.019576 0.464797 0.006140
v 0.019876 0.464797 0.003769
v 0.019888 0.464797 0.001380
v 0.019612 0.464797 -0.000993
v 0.019052 0.464797 -0.003316
v 0.018216 0.464797 -0.005554
v 0.017117 0.464797 -0.007676
v 0.015770 0.464797 -0.009649
v 0.014194 0.464797 -0.011445
v 0.012414 0.464797 -0.013039
v 0.010455 0.464797 -0.014406
v 0.008345 0.464797 -0.015527
v 0.006115 0.464797 -0.016386
v 0.003798 0.464797 -0.016970
v 0.001428 0.464797 -0.017270
v -0.000961 0.464797 -0.017282
v -0.003335 0.464797 -0.017006
v -0.005658 0.464797 -0.016446
v -0.007896 0.464797 -0.015610
v -0.010017 0.464797 -0.014511
v -0.011990 0.464797 -0.013163
v -0.013787 0.464797 -0.011588
v -0.015380 0.464797 -0.009808
v -0.016748 0.464797 -0.007848
v -0.017869 0.464797 -0.005738
v -0.009367 0.466596 -0.000539
v -0.009661 0.466596 0.000628
v -0.009812 0.466596 0.001821
v -0.009818 0.466596 0.003025
v -0.009679 0.466596 0.004220
v -0.009397 0.466596 0.005390
v -0.008976 0.466596 0.006517
v -0.008422 0.466596 0.007586
v -0.007744 0.466596 0.008580
v -0.006950 0.466596 0.009485
v -0.006053 0.466596 0.010287
v -0.005067 0.466596 0.010976
v -0.004004 0.466596 0.011541
v -0.002881 0.466596 0.011973
v -0.001714 0.466596 0.012267
v -0.000520 0.466596 0.012418
v 0.000683 0.466596 0.012424
v 0.001879 0.466596 0.012285
v 0.003049 0.466596 0.012003
v 0.004176 0.466596 0.011582
v 0.005244 0.466596 0.011028
v 0.006238 0.466596 0.010350
v 0.007143 0.466596 0.009556
v 0.007946 0.466596 0.008660
v 0.008634 0.466596 0.007673
v 0.009199 0.466596 0.006610
v 0.009632 0.466596 0.005487
v 0.009926 0.466596 0.004320
v 0.010077 0.466596 0.003126
v 0.010083 0.466596 0.001923
v 0.009944 0.466596 0.000728
v 0.009662 0.466596 -0.000442
v 0.009241 0.466596 -0.001570
v 0.008687 0.466596 -0.002638
v 0.008008 0.466596 -0.003632
v 0.007215 0.466596 -0.004537
v 0.006318 0.466596 -0.005339
v 0.005331 0.466596 -0.006028
v 0.004269 0.466596 -0.006593
v 0.003146 0.466596 -0.007025
v 0.001979 0.466596 -0.007319
v 0.000785 0.466596 -0.007470
v -0.000419 0.466596 -0.007477
v -0.001614 0.466596 -0.007338
v -0.002784 0.466596 -0.007056
v -0.003911 0.466596 -0.006635
v -0.004980 0.466596 -0.006081
v -0.005973 0.466596 -0.005402
v -0.006878 0.466596 -0.004609
v -0.007681 0.466596 -0.003712
v -0.008370 0.466596 -0.002725
v -0.008934 0.466596 -0.001662
vt 0.000000 1.000000
vn -0.568407 0.821894 -0.037294
vn -0.559740 0.821894 -0.105533
vn -0.652913 0.747337 -0.123081
vn -0.662984 0.747337 -0.043489
vn -0.568743 0.821894 0.031465
vn -0.663381 0.747337 0.036714
vn -0.560808 0.821894 0.099796
vn -0.654134 0.747337 0.116428
vn -0.544694 0.821894 0.166692
vn -0.635334 0.747337 0.194403
vn -0.520615 0.821894 0.231117
vn -0.607257 0.747337 0.269570
vn -0.488968 0.821894 0.292184
vn -0.570330 0.747337 0.340800
vn -0.450179 0.821894 0.348979
vn -0.525101 0.747337 0.407086
vn -0.404828 0.821894 0.400708
vn -0.472182 0.747337 0.467391
vn -0.353557 0.821894 0.446577
vn -0.324442 0.934233 -0.148015
vn -0.219703 0.970397 -0.100223
vn -0.304239 0.934233 -0.186041
vn -0.412397 0.747337 0.520920
vn -0.297159 0.821894 0.485946
vn -0.346599 0.747337 0.566820
vn -0.236427 0.821894 0.518235
vn -0.275765 0.747337 0.604480
vn -0.172216 0.821894 0.542955
vn -0.200873 0.747337 0.633290
vn 0.059694 0.410413 -0.909940
vn 0.057985 0.463759 -0.884030
vn 0.168920 0.410413 -0.896084
vn -0.048952 0.463759 -0.884579
vn -0.050386 0.410413 -0.910489
vn -0.155248 0.463759 -0.872219
vn -0.159795 0.410382 -0.897763
vn -0.259255 0.463759 -0.847163
vn -0.266823 0.410382 -0.871975
vn -0.359478 0.463759 -0.809717
vn -0.370006 0.410413 -0.833430
vn -0.454451 0.463759 -0.760491
vn -0.467757 0.410382 -0.782769
vn -0.542802 0.463759 -0.700186
vn -0.558702 0.410382 -0.720664
vn -0.623249 0.463759 -0.629627
vn -0.641499 0.410382 -0.648091
vn -0.694601 0.463759 -0.549913
vn -0.714927 0.410413 -0.566027
vn -0.755821 0.463759 -0.462172
vn -0.777947 0.410413 -0.475723
vn -0.806024 0.463759 -0.367718
vn -0.829615 0.410413 -0.378491
vn -0.844478 0.463759 -0.267861
vn -0.869198 0.410413 -0.275704
vn -0.809442 0.566973 -0.152593
vn -0.785150 0.566973 -0.249062
vn -0.870602 0.463759 -0.164129
vn -0.821955 0.566973 -0.053896
vn -0.884030 0.463759 -0.057985
vn -0.822443 0.566973 0.045534
vn -0.884579 0.463759 0.048952
vn -0.810968 0.566973 0.144322
vn -0.872219 0.463759 0.155248
vn -0.787652 0.566973 0.241035
vn -0.847163 0.463759 0.259255
vn -0.230171 0.970397 -0.073000
vn -0.237739 0.970397 0.042299
vn -0.120914 0.992401 0.021516
vn -0.241127 0.970397 0.013337
vn -0.117435 0.992401 0.035920
vn -0.230903 0.970397 0.070650
vn -0.112247 0.992401 0.049837
vn -0.220710 0.970397 0.097964
vn -0.105411 0.992401 0.062990
vn -0.207282 0.970397 0.123875
vn -0.097049 0.992401 0.075228
vn -0.190863 0.970397 0.147954
vn -0.087283 0.992401 0.086398
vn -0.171636 0.970397 0.169866
vn -0.076235 0.992401 0.096286
vn -0.149907 0.970397 0.189337
vn -0.064058 0.992401 0.104770
vn -0.125980 0.970397 0.206030
vn -0.050966 0.992401 0.111728
vn -0.100223 0.970397 0.219703
vn -0.037111 0.992401 0.117069
vn -0.073000 0.970397 0.230171
vn -0.022736 0.992401 0.120670
vn -0.044740 0.970397 0.237312
vn -0.008026 0.992401 0.122532
vn -0.015809 0.970397 0.240974
vn 0.006775 0.992401 0.122623
vn -0.339915 0.934233 -0.107822
vn 0.013337 0.970397 0.241127
vn 0.021516 0.992401 0.120914
vn 0.042299 0.970397 0.237739
vn 0.035920 0.992401 0.117435
vn 0.070650 0.970397 0.230903
vn 0.049837 0.992401 0.112247
vn 0.097964 0.970397 0.220710
vn 0.062990 0.992401 0.105411
vn 0.123875 0.970397 0.207282
vn 0.075228 0.992401 0.097049
vn 0.147954 0.970397 0.190863
vn 0.086398 0.992401 0.087283
vn 0.169866 0.970397 0.171636
vn 0.096286 0.992401 0.076235
vn 0.189337 0.970397 0.149907
vn 0.104770 0.992401 0.064058
vn -0.105533 0.821894 0.559740
vn -0.123081 0.747337 0.652913
vn -0.037294 0.821894 0.568407
vn -0.043489 0.747337 0.662984
vn 0.031465 0.821894 0.568743
vn 0.036714 0.747337 0.663381
vn 0.099796 0.821894 0.560808
vn 0.116428 0.747337 0.654134
vn 0.166692 0.821894 0.544694
vn 0.194403 0.747337 0.635334
vn 0.231117 0.821894 0.520615
vn -0.120670 0.992401 -0.022736
vn -0.117069 0.992401 -0.037111
vn 0.269570 0.747337 0.607257
vn 0.292184 0.821894 0.488968
vn 0.340800 0.747337 0.570330
vn 0.348979 0.821894 0.450179
vn 0.407086 0.747337 0.525101
vn 0.400708 0.821894 0.404828
vn 0.467391 0.747337 0.472182
vn 0.446577 0.821894 0.353557
vn 0.520920 0.747337 0.412397
vn 0.485946 0.821894 0.297159
vn 0.566820 0.747337 0.346599
vn 0.518235 0.821894 0.236427
vn 0.604480 0.747337 0.275765
vn 0.542955 0.821894 0.172216
vn 0.633290 0.747337 0.200873
vn 0.559740 0.821894 0.105533
vn 0.652913 0.747337 0.123081
vn 0.568407 0.821894 0.037294
vn 0.662984 0.747337 0.043489
vn -0.752861 0.566973 0.334208
vn -0.809717 0.463759 0.359478
vn -0.707083 0.566973 0.422529
vn -0.760491 0.463759 0.454451
vn -0.650990 0.566973 0.504685
vn -0.700186 0.463759 0.542802
vn -0.585406 0.566973 0.579455
vn -0.629627 0.463759 0.623249
vn -0.511307 0.566973 0.645802
vn -0.549913 0.463759 0.694601
vn -0.429731 0.566973 0.702750
vn -0.462172 0.463759 0.755821
vn -0.341868 0.566973 0.749413
vn -0.367718 0.463759 0.806024
vn -0.249062 0.566973 0.785150
vn -0.267861 0.463759 0.844478
vn -0.152593 0.566973 0.809442
vn -0.164129 0.463759 0.870602
vn -0.053896 0.566973 0.821955
vn -0.057985 0.463759 0.884030
vn 0.045534 0.566973 0.822443
vn 0.048952 0.463759 0.884579
vn 0.144322 0.566973 0.810968
vn 0.155248 0.463759 0.872219
vn 0.241035 0.566973 0.787652
vn 0.259255 0.463759 0.847163
vn 0.334208 0.566973 0.752861
vn 0.359478 0.463759 0.809717
vn 0.422529 0.566973 0.707083
vn 0.454451 0.463759 0.760491
vn 0.504685 0.566973 0.650990
vn 0.542802 0.463759 0.700186
vn 0.206030 0.970397 0.125980
vn 0.579485 0.566973 0.585406
vn 0.111728 0.992401 0.050966
vn 0.219703 0.970397 0.100223
vn 0.117069 0.992401 0.037111
vn 0.230171 0.970397 0.073000
vn 0.120670 0.992401 0.022736
vn 0.237312 0.970397 0.044740
vn 0.122532 0.992401 0.008026
vn 0.240974 0.970397 0.015809
vn 0.122623 0.992401 -0.006775
vn 0.241127 0.970397 -0.013337
vn 0.120914 0.992401 -0.021516
vn 0.237739 0.970397 -0.042299
vn 0.117435 0.992401 -0.035920
vn 0.230903 0.970397 -0.070650
vn 0.112247 0.992401 -0.049837
vn 0.220710 0.970397 -0.097964
vn 0.105411 0.992401 -0.062990
vn 0.207282 0.970397 -0.123875
vn 0.097049 0.992401 -0.075228
vn 0.190863 0.970397 -0.147954
vn 0.087283 0.992401 -0.086398
vn 0.171636 0.970397 -0.169866
vn 0.076235 0.992401 -0.096286
vn 0.149907 0.970397 -0.189337
vn 0.064058 0.992401 -0.104770
vn 0.125980 0.970397 -0.206030
vn 0.050966 0.992401 -0.111728
vn 0.100223 0.970397 -0.219703
vn 0.037111 0.992401 -0.117069
vn 0.073000 0.970397 -0.230171
vn 0.022736 0.992401 -0.120670
vn 0.044740 0.970397 -0.237312
vn 0.008026 0.992401 -0.122532
vn 0.015809 0.970397 -0.240974
vn -0.006775 0.992401 -0.122623
vn -0.013337 0.970397 -0.241127
vn -0.021516 0.992401 -0.120914
vn -0.042299 0.970397 -0.237739
vn -0.035920 0.992401 -0.117435
vn -0.070650 0.970397 -0.230903
vn 0.568743 0.821894 -0.031465
vn 0.663381 0.747337 -0.036714
vn 0.560808 0.821894 -0.099796
vn 0.000000 1.000000 0.000000
vn 0.654134 0.747337 -0.116428
vn 0.544694 0.821894 -0.166692
vn 0.635334 0.747337 -0.194403
vn -0.237312 0.970397 -0.044740
vn -0.122532 0.992401 -0.008026
vn -0.240974 0.970397 -0.015809
vn 0.520615 0.821894 -0.231117
vn 0.607257 0.747337 -0.269570
vn 0.488968 0.821894 -0.292184
vn 0.570330 0.747337 -0.340800
vn 0.450179 0.821894 -0.348979
vn 0.525101 0.747337 -0.407086
vn 0.404828 0.821894 -0.400708
vn 0.472182 0.747337 -0.467391
vn 0.353557 0.821894 -0.446577
vn 0.412397 0.747337 -0.520920
vn 0.297159 0.821894 -0.485946
vn 0.346599 0.747337 -0.566820
vn 0.236427 0.821894 -0.518235
vn 0.275765 0.747337 -0.604480
vn 0.172216 0.821894 -0.542955
vn 0.200873 0.747337 -0.633290
vn 0.105533 0.821894 -0.559740
vn 0.123081 0.747337 -0.652913
vn 0.037294 0.821894 -0.568407
vn 0.043489 0.747337 -0.662984
vn -0.031465 0.821894 -0.568743
vn -0.036714 0.747337 -0.663381
vn -0.099796 0.821894 -0.560808
vn -0.116428 0.747337 -0.654134
vn 0.623249 0.463759 0.629627
vn 0.645802 0.566973 0.511307
vn 0.331553 0.884487 -0.328196
vn 0.289590 0.884487 -0.365764
vn 0.243385 0.884487 -0.397992
vn 0.694601 0.463759 0.549913
vn 0.702719 0.566973 0.429731
vn 0.755821 0.463759 0.462172
vn 0.193640 0.884487 -0.424451
vn 0.749413 0.566973 0.341868
vn 0.141057 0.884487 -0.444685
vn 0.806024 0.463759 0.367718
vn 0.785150 0.566973 0.249062
vn 0.844478 0.463759 0.267861
vn 0.809442 0.566973 0.152593
vn 0.870602 0.463759 0.164129
vn 0.821955 0.566973 0.053896
vn 0.884030 0.463759 0.057985
vn 0.822443 0.566973 -0.045534
vn 0.884579 0.463759 -0.048952
vn 0.810968 0.566973 -0.144322
vn 0.872219 0.463759 -0.155248
vn -0.702719 0.566973 -0.429731
vn -0.645802 0.566973 -0.511307
vn -0.749413 0.566973 -0.341868
vn -0.736534 0.661946 -0.138859
vn -0.714438 0.661946 -0.226630
vn -0.747917 0.661946 -0.049043
vn -0.748375 0.661946 0.041414
vn -0.737907 0.661946 0.131321
vn -0.716697 0.661946 0.219306
vn -0.685049 0.661946 0.304117
vn -0.643391 0.661946 0.384472
vn -0.592364 0.661946 0.459212
vn -0.532670 0.661946 0.527268
vn 0.787652 0.566973 -0.241035
vn 0.847163 0.463759 -0.259255
vn 0.752861 0.566973 -0.334208
vn 0.809717 0.463759 -0.359478
vn 0.707083 0.566973 -0.422529
vn 0.760491 0.463759 -0.454451
vn 0.650990 0.566973 -0.504685
vn 0.700186 0.463759 -0.542802
vn 0.585406 0.566973 -0.579485
vn 0.629627 0.463759 -0.623249
vn 0.511307 0.566973 -0.645802
vn -0.122623 0.992401 0.006775
vn 0.549913 0.463759 -0.694601
vn 0.429731 0.566973 -0.702719
vn 0.462172 0.463759 -0.755821
vn 0.341868 0.566973 -0.749413
vn -0.049837 0.992401 -0.112247
vn -0.097964 0.970397 -0.220710
vn -0.062990 0.992401 -0.105411
vn -0.123875 0.970397 -0.207282
vn -0.075228 0.992401 -0.097049
vn -0.147954 0.970397 -0.190863
vn -0.086398 0.992401 -0.087283
vn -0.169866 0.970397 -0.171636
vn -0.096286 0.992401 -0.076235
vn -0.189337 0.970397 -0.149907
vn -0.104770 0.992401 -0.064058
vn -0.206030 0.970397 -0.125980
vn -0.111728 0.992401 -0.050966
vn 0.086428 0.884487 -0.458449
vn 0.030519 0.884487 -0.465529
vn -0.025788 0.884487 -0.465804
vn -0.081729 0.884487 -0.459304
vn -0.136509 0.884487 -0.446089
vn -0.166692 0.821894 -0.544694
vn -0.189276 0.884487 -0.426405
vn -0.231117 0.821894 -0.520615
vn -0.239296 0.884487 -0.400464
vn -0.292184 0.821894 -0.488968
vn -0.285836 0.884487 -0.368694
vn -0.348979 0.821894 -0.450179
vn -0.328196 0.884487 -0.331553
vn -0.400708 0.821894 -0.404828
vn -0.365764 0.884487 -0.289590
vn -0.446577 0.821894 -0.353557
vn -0.397992 0.884487 -0.243385
vn -0.485946 0.821894 -0.297159
vn -0.424451 0.884487 -0.193640
vn -0.465224 0.661946 0.587634
vn -0.391003 0.661946 0.639424
vn -0.311075 0.661946 0.681906
vn -0.226630 0.661946 0.714438
vn -0.138859 0.661946 0.736534
vn -0.049043 0.661946 0.747917
vn 0.041414 0.661946 0.748375
vn 0.131321 0.661946 0.737907
vn 0.219306 0.661946 0.716697
vn 0.304117 0.661946 0.685049
vn 0.384472 0.661946 0.643391
vn 0.459212 0.661946 0.592364
vn 0.527268 0.661946 0.532670
vn 0.587634 0.661946 0.465224
vn 0.639424 0.661946 0.391003
vn 0.681906 0.661946 0.311075
vn -0.604480 0.747337 -0.275765
vn -0.566820 0.747337 -0.346599
vn -0.639424 0.661946 -0.391003
vn -0.194403 0.747337 -0.635334
vn -0.269570 0.747337 -0.607257
vn -0.340800 0.747337 -0.570330
vn -0.426405 0.884487 0.189276
vn -0.400464 0.884487 0.239296
vn -0.368694 0.884487 0.285836
vn -0.331553 0.884487 0.328196
vn -0.289590 0.884487 0.365764
vn -0.243385 0.884487 0.397992
vn -0.193640 0.884487 0.424451
vn -0.141057 0.884487 0.444685
vn -0.407086 0.747337 -0.525101
vn -0.467391 0.747337 -0.472182
vn -0.520920 0.747337 -0.412397
vn -0.518235 0.821894 -0.236427
vn -0.444685 0.884487 -0.141057
vn -0.542955 0.821894 -0.172216
vn -0.350444 0.934233 -0.066073
vn -0.458449 0.884487 -0.086428
vn -0.355846 0.934233 -0.023347
vn -0.465529 0.884487 -0.030519
vn -0.356059 0.934233 0.019715
vn -0.465804 0.884487 0.025788
vn -0.351085 0.934233 0.062471
vn -0.459304 0.884487 0.081729
vn -0.341014 0.934233 0.104343
vn -0.446089 0.884487 0.136509
vn -0.325938 0.934233 0.144688
vn -0.306131 0.934233 0.182928
vn -0.281838 0.934233 0.218482
vn -0.253456 0.934233 0.250862
vn -0.221351 0.934233 0.279580
vn -0.186041 0.934233 0.304239
vn -0.148015 0.934233 0.324442
vn -0.107822 0.934233 0.339915
vn -0.066073 0.934233 0.350444
vn 0.714438 0.661946 0.226630
vn 0.736534 0.661946 0.138859
vn 0.747917 0.661946 0.049043
vn 0.748375 0.661946 -0.041414
vn 0.737907 0.661946 -0.131321
vn 0.716697 0.661946 -0.219306
vn 0.685049 0.661946 -0.304117
vn 0.643391 0.661946 -0.384472
vn 0.592364 0.661946 -0.459212
vn 0.532670 0.661946 -0.527268
vn 0.465224 0.661946 -0.587634
vn 0.391003 0.661946 -0.639424
vn 0.311075 0.661946 -0.681906
vn 0.226630 0.661946 -0.714438
vn 0.249062 0.566973 -0.785150
vn 0.138859 0.661946 -0.736534
vn 0.152593 0.566973 -0.809442
vn 0.049043 0.661946 -0.747917
vn -0.086428 0.884487 0.458449
vn -0.030519 0.884487 0.465529
vn 0.025788 0.884487 0.465804
vn 0.081729 0.884487 0.459304
vn 0.136509 0.884487 0.446089
vn 0.189276 0.884487 0.426405
vn 0.239296 0.884487 0.400464
vn -0.681906 0.661946 -0.311075
vn -0.633290 0.747337 -0.200873
vn 0.367718 0.463759 -0.806024
vn -0.023347 0.934233 0.355846
vn 0.019715 0.934233 0.356059
vn 0.062471 0.934233 0.351085
vn 0.104343 0.934233 0.341014
vn 0.144688 0.934233 0.325938
vn 0.182928 0.934233 0.306131
vn 0.218482 0.934233 0.281838
vn 0.285836 0.884487 0.368694
vn 0.250862 0.934233 0.253456
vn 0.328196 0.884487 0.331553
vn 0.279580 0.934233 0.221351
vn 0.365764 0.884487 0.289590
vn 0.304239 0.934233 0.186041
vn 0.397992 0.884487 0.243385
vn 0.324442 0.934233 0.148015
vn 0.424451 0.884487 0.193640
vn 0.339915 0.934233 0.107822
vn 0.444685 0.884487 0.141057
vn 0.350444 0.934233 0.066073
vn 0.458449 0.884487 0.086428
vn 0.355846 0.934233 0.023316
vn 0.465529 0.884487 0.030519
vn 0.356059 0.934233 -0.019684
vn 0.465804 0.884487 -0.025788
vn 0.351085 0.934233 -0.062471
vn 0.053926 0.566973 -0.821955
vn -0.041414 0.661946 -0.748375
vn -0.045534 0.566973 -0.822443
vn -0.131321 0.661946 -0.737907
vn -0.144322 0.566973 -0.810968
vn -0.219306 0.661946 -0.716697
vn -0.241035 0.566973 -0.787652
vn -0.304117 0.661946 -0.685049
vn -0.334208 0.566973 -0.752861
vn -0.384472 0.661946 -0.643391
vn -0.422529 0.566973 -0.707083
vn -0.459212 0.661946 -0.592364
vn -0.504685 0.566973 -0.650990
vn -0.527268 0.661946 -0.532670
vn -0.579485 0.566973 -0.585406
vn -0.587634 0.661946 -0.465224
vn 0.267861 0.463759 -0.844478
vn 0.164129 0.463759 -0.870602
vn 0.459304 0.884487 -0.081729
vn 0.341014 0.934233 -0.104343
vn 0.446089 0.884487 -0.136509
vn 0.325938 0.934233 -0.144688
vn 0.426405 0.884487 -0.189276
vn 0.306131 0.934233 -0.182928
vn 0.400464 0.884487 -0.239296
vn 0.281838 0.934233 -0.218482
vn 0.368694 0.884487 -0.285836
vn 0.253456 0.934233 -0.250862
vn 0.221351 0.934233 -0.279580
vn 0.186041 0.934233 -0.304239
vn 0.148015 0.934233 -0.324442
vn 0.107822 0.934233 -0.339915
vn 0.066073 0.934233 -0.350444
vn 0.023347 0.934233 -0.355846
vn -0.019715 0.934233 -0.356059
vn -0.062471 0.934233 -0.351085
vn -0.104343 0.934233 -0.341014
vn -0.144688 0.934233 -0.325938
vn -0.182928 0.934233 -0.306131
vn -0.218482 0.934233 -0.281838
vn -0.250862 0.934233 -0.253456
vn -0.896084 0.410413 -0.168920
vn -0.909940 0.410413 -0.059694
vn -0.910489 0.410413 0.050386
vn -0.897763 0.410382 0.159795
vn -0.871975 0.410413 0.266823
vn -0.833430 0.410413 0.370006
vn -0.782769 0.410413 0.467757
vn -0.720664 0.410382 0.558702
vn -0.279580 0.934233 -0.221351
vn -0.648091 0.410382 0.641499
vn -0.566027 0.410413 0.714927
vn -0.475723 0.410413 0.777947
vn -0.378491 0.410413 0.829615
vn -0.275704 0.410413 0.869198
vn -0.168920 0.410413 0.896084
vn -0.059694 0.410413 0.909940
vn 0.050386 0.410413 0.910489
vn 0.159795 0.410382 0.897763
vn 0.266823 0.410382 0.871975
vn 0.370006 0.410413 0.833430
vn 0.467757 0.410413 0.782769
vn 0.558702 0.410413 0.720664
vn 0.641499 0.410382 0.648061
vn 0.714927 0.410413 0.566027
vn 0.777947 0.410413 0.475723
vn 0.829615 0.410413 0.378491
vn 0.869198 0.410413 0.275704
vn 0.896084 0.410413 0.168920
vn 0.909940 0.410413 0.059694
vn 0.910489 0.410413 -0.050386
vn 0.897763 0.410382 -0.159795
vn 0.871975 0.410382 -0.266823
vn 0.833430 0.410413 -0.370006
vn 0.782769 0.410413 -0.467757
vn 0.720664 0.410382 -0.558702
vn 0.648091 0.410382 -0.641499
vn 0.566027 0.410413 -0.714927
vn 0.475723 0.410413 -0.777947
vn 0.378491 0.410413 -0.829615
vn 0.275704 0.410413 -0.869198
usemtl Mat
s 1
f 1045/1/1 1044/1/2 992/1/3
f 993/1/4 1045/1/1 992/1/3
f 1046/1/5 1045/1/1 993/1/4
f 994/1/6 1046/1/5 993/1/4
f 1047/1/7 1046/1/5 994/1/6
f 995/1/8 1047/1/7 994/1/6
f 1048/1/9 1047/1/7 995/1/8
f 996/1/10 1048/1/9 995/1/8
f 1049/1/11 1048/1/9 996/1/10
f 997/1/12 1049/1/11 996/1/10
f 1050/1/13 1049/1/11 997/1/12
f 998/1/14 1050/1/13 997/1/12
f 1051/1/15 1050/1/13 998/1/14
f 999/1/16 1051/1/15 998/1/14
f 1052/1/17 1051/1/15 999/1/16
f 1000/1/18 1052/1/17 999/1/16
f 1053/1/19 1052/1/17 1000/1/18
f 1198/1/20 1250/1/21 1197/1/22
f 1001/1/23 1053/1/19 1000/1/18
f 1054/1/24 1053/1/19 1001/1/23
f 1002/1/25 1054/1/24 1001/1/23
f 1055/1/26 1054/1/24 1002/1/25
f 1003/1/27 1055/1/26 1002/1/25
f 1056/1/28 1055/1/26 1003/1/27
f 1004/1/29 1056/1/28 1003/1/27
f 824/1/30 876/1/31 823/1/32
f 877/1/33 876/1/31 824/1/30
f 825/1/34 877/1/33 824/1/30
f 878/1/35 877/1/33 825/1/34
f 826/1/36 878/1/35 825/1/34
f 879/1/37 878/1/35 826/1/36
f 827/1/38 879/1/37 826/1/36
f 880/1/39 879/1/37 827/1/38
f 828/1/40 880/1/39 827/1/38
f 881/1/41 880/1/39 828/1/40
f 829/1/42 881/1/41 828/1/40
f 882/1/43 881/1/41 829/1/42
f 830/1/44 882/1/43 829/1/42
f 883/1/45 882/1/43 830/1/44
f 831/1/46 883/1/45 830/1/44
f 884/1/47 883/1/45 831/1/46
f 832/1/48 884/1/47 831/1/46
f 885/1/49 884/1/47 832/1/48
f 833/1/50 885/1/49 832/1/48
f 886/1/51 885/1/49 833/1/50
f 834/1/52 886/1/51 833/1/50
f 835/1/53 886/1/51 834/1/52
f 783/1/54 835/1/53 834/1/52
f 888/1/55 887/1/56 835/1/53
f 836/1/57 888/1/55 835/1/53
f 889/1/58 888/1/55 836/1/57
f 837/1/59 889/1/58 836/1/57
f 890/1/60 889/1/58 837/1/59
f 838/1/61 890/1/60 837/1/59
f 891/1/62 890/1/60 838/1/61
f 839/1/63 891/1/62 838/1/61
f 892/1/64 891/1/62 839/1/63
f 840/1/65 892/1/64 839/1/63
f 1199/1/66 1250/1/21 1198/1/20
f 1203/1/67 1255/1/68 1202/1/69
f 1256/1/70 1255/1/68 1203/1/67
f 1204/1/71 1256/1/70 1203/1/67
f 1257/1/72 1256/1/70 1204/1/71
f 1205/1/73 1257/1/72 1204/1/71
f 1258/1/74 1257/1/72 1205/1/73
f 1206/1/75 1258/1/74 1205/1/73
f 1259/1/76 1258/1/74 1206/1/75
f 1207/1/77 1259/1/76 1206/1/75
f 1260/1/78 1259/1/76 1207/1/77
f 1208/1/79 1260/1/78 1207/1/77
f 1261/1/80 1260/1/78 1208/1/79
f 1209/1/81 1261/1/80 1208/1/79
f 1262/1/82 1261/1/80 1209/1/81
f 1210/1/83 1262/1/82 1209/1/81
f 1263/1/84 1262/1/82 1210/1/83
f 1211/1/85 1263/1/84 1210/1/83
f 1264/1/86 1263/1/84 1211/1/85
f 1212/1/87 1264/1/86 1211/1/85
f 1265/1/88 1264/1/86 1212/1/87
f 1213/1/89 1265/1/88 1212/1/87
f 1266/1/90 1265/1/88 1213/1/89
f 1214/1/91 1266/1/90 1213/1/89
f 1267/1/92 1266/1/90 1214/1/91
f 1147/1/93 1199/1/66 1198/1/20
f 1215/1/94 1267/1/92 1214/1/91
f 1268/1/95 1267/1/92 1215/1/94
f 1216/1/96 1268/1/95 1215/1/94
f 1269/1/97 1268/1/95 1216/1/96
f 1217/1/98 1269/1/97 1216/1/96
f 1270/1/99 1269/1/97 1217/1/98
f 1218/1/100 1270/1/99 1217/1/98
f 1271/1/101 1270/1/99 1218/1/100
f 1219/1/102 1271/1/101 1218/1/100
f 1272/1/103 1271/1/101 1219/1/102
f 1220/1/104 1272/1/103 1219/1/102
f 1273/1/105 1272/1/103 1220/1/104
f 1221/1/106 1273/1/105 1220/1/104
f 1274/1/107 1273/1/105 1221/1/106
f 1222/1/108 1274/1/107 1221/1/106
f 1275/1/109 1274/1/107 1222/1/108
f 1057/1/110 1056/1/28 1004/1/29
f 1005/1/111 1057/1/110 1004/1/29
f 1058/1/112 1057/1/110 1005/1/111
f 1006/1/113 1058/1/112 1005/1/111
f 1059/1/114 1058/1/112 1006/1/113
f 1007/1/115 1059/1/114 1006/1/113
f 1060/1/116 1059/1/114 1007/1/115
f 1008/1/117 1060/1/116 1007/1/115
f 1061/1/118 1060/1/116 1008/1/117
f 1009/1/119 1061/1/118 1008/1/117
f 1062/1/120 1061/1/118 1009/1/119
f 1252/1/121 1251/1/122 1199/1/66
f 1010/1/123 1062/1/120 1009/1/119
f 1063/1/124 1062/1/120 1010/1/123
f 1011/1/125 1063/1/124 1010/1/123
f 1064/1/126 1063/1/124 1011/1/125
f 1012/1/127 1064/1/126 1011/1/125
f 1065/1/128 1064/1/126 1012/1/127
f 1013/1/129 1065/1/128 1012/1/127
f 1066/1/130 1065/1/128 1013/1/129
f 1014/1/131 1066/1/130 1013/1/129
f 1067/1/132 1066/1/130 1014/1/131
f 1015/1/133 1067/1/132 1014/1/131
f 1068/1/134 1067/1/132 1015/1/133
f 1016/1/135 1068/1/134 1015/1/133
f 1069/1/136 1068/1/134 1016/1/135
f 1017/1/137 1069/1/136 1016/1/135
f 1070/1/138 1069/1/136 1017/1/137
f 1018/1/139 1070/1/138 1017/1/137
f 1071/1/140 1070/1/138 1018/1/139
f 1019/1/141 1071/1/140 1018/1/139
f 893/1/142 892/1/64 840/1/65
f 841/1/143 893/1/142 840/1/65
f 894/1/144 893/1/142 841/1/143
f 842/1/145 894/1/144 841/1/143
f 895/1/146 894/1/144 842/1/145
f 843/1/147 895/1/146 842/1/145
f 896/1/148 895/1/146 843/1/147
f 844/1/149 896/1/148 843/1/147
f 897/1/150 896/1/148 844/1/149
f 845/1/151 897/1/150 844/1/149
f 898/1/152 897/1/150 845/1/151
f 846/1/153 898/1/152 845/1/151
f 899/1/154 898/1/152 846/1/153
f 847/1/155 899/1/154 846/1/153
f 900/1/156 899/1/154 847/1/155
f 848/1/157 900/1/156 847/1/155
f 901/1/158 900/1/156 848/1/157
f 849/1/159 901/1/158 848/1/157
f 902/1/160 901/1/158 849/1/159
f 850/1/161 902/1/160 849/1/159
f 903/1/162 902/1/160 850/1/161
f 851/1/163 903/1/162 850/1/161
f 904/1/164 903/1/162 851/1/163
f 852/1/165 904/1/164 851/1/163
f 905/1/166 904/1/164 852/1/165
f 853/1/167 905/1/166 852/1/165
f 906/1/168 905/1/166 853/1/167
f 854/1/169 906/1/168 853/1/167
f 907/1/170 906/1/168 854/1/169
f 855/1/171 907/1/170 854/1/169
f 908/1/172 907/1/170 855/1/171
f 856/1/173 908/1/172 855/1/171
f 1223/1/174 1275/1/109 1222/1/108
f 909/1/175 908/1/172 856/1/173
f 1276/1/176 1275/1/109 1223/1/174
f 1224/1/177 1276/1/176 1223/1/174
f 1277/1/178 1276/1/176 1224/1/177
f 1225/1/179 1277/1/178 1224/1/177
f 1278/1/180 1277/1/178 1225/1/179
f 1226/1/181 1278/1/180 1225/1/179
f 1279/1/182 1278/1/180 1226/1/181
f 1227/1/183 1279/1/182 1226/1/181
f 1280/1/184 1279/1/182 1227/1/183
f 1228/1/185 1280/1/184 1227/1/183
f 1281/1/186 1280/1/184 1228/1/185
f 1229/1/187 1281/1/186 1228/1/185
f 1282/1/188 1281/1/186 1229/1/187
f 1230/1/189 1282/1/188 1229/1/187
f 1283/1/190 1282/1/188 1230/1/189
f 1231/1/191 1283/1/190 1230/1/189
f 1284/1/192 1283/1/190 1231/1/191
f 1232/1/193 1284/1/192 1231/1/191
f 1285/1/194 1284/1/192 1232/1/193
f 1233/1/195 1285/1/194 1232/1/193
f 1286/1/196 1285/1/194 1233/1/195
f 1234/1/197 1286/1/196 1233/1/195
f 1287/1/198 1286/1/196 1234/1/197
f 1235/1/199 1287/1/198 1234/1/197
f 1288/1/200 1287/1/198 1235/1/199
f 1236/1/201 1288/1/200 1235/1/199
f 1289/1/202 1288/1/200 1236/1/201
f 1237/1/203 1289/1/202 1236/1/201
f 1290/1/204 1289/1/202 1237/1/203
f 1238/1/205 1290/1/204 1237/1/203
f 1291/1/206 1290/1/204 1238/1/205
f 1239/1/207 1291/1/206 1238/1/205
f 1292/1/208 1291/1/206 1239/1/207
f 1240/1/209 1292/1/208 1239/1/207
f 1293/1/210 1292/1/208 1240/1/209
f 1241/1/211 1293/1/210 1240/1/209
f 1294/1/212 1293/1/210 1241/1/211
f 1242/1/213 1294/1/212 1241/1/211
f 1295/1/214 1294/1/212 1242/1/213
f 1243/1/215 1295/1/214 1242/1/213
f 1072/1/216 1071/1/140 1019/1/141
f 1020/1/217 1072/1/216 1019/1/141
f 1073/1/218 1072/1/216 1020/1/217
f 2/1/219 1264/1/86 1265/1/88
f 1021/1/220 1073/1/218 1020/1/217
f 2/1/219 1265/1/88 1266/1/90
f 1074/1/221 1073/1/218 1021/1/220
f 2/1/219 1266/1/90 1267/1/92
f 1022/1/222 1074/1/221 1021/1/220
f 2/1/219 1267/1/92 1268/1/95
f 1200/1/223 1252/1/121 1199/1/66
f 1253/1/224 1252/1/121 1200/1/223
f 1201/1/225 1253/1/224 1200/1/223
f 1075/1/226 1074/1/221 1022/1/222
f 1023/1/227 1075/1/226 1022/1/222
f 1076/1/228 1075/1/226 1023/1/227
f 1024/1/229 1076/1/228 1023/1/227
f 1077/1/230 1076/1/228 1024/1/229
f 1025/1/231 1077/1/230 1024/1/229
f 1078/1/232 1077/1/230 1025/1/231
f 1026/1/233 1078/1/232 1025/1/231
f 1079/1/234 1078/1/232 1026/1/233
f 1027/1/235 1079/1/234 1026/1/233
f 1080/1/236 1079/1/234 1027/1/235
f 1028/1/237 1080/1/236 1027/1/235
f 1081/1/238 1080/1/236 1028/1/237
f 1029/1/239 1081/1/238 1028/1/237
f 1082/1/240 1081/1/238 1029/1/239
f 1030/1/241 1082/1/240 1029/1/239
f 1083/1/242 1082/1/240 1030/1/241
f 1031/1/243 1083/1/242 1030/1/241
f 1084/1/244 1083/1/242 1031/1/243
f 1032/1/245 1084/1/244 1031/1/243
f 1085/1/246 1084/1/244 1032/1/245
f 1033/1/247 1085/1/246 1032/1/245
f 1086/1/248 1085/1/246 1033/1/247
f 1034/1/249 1086/1/248 1033/1/247
f 857/1/250 909/1/175 856/1/173
f 910/1/251 909/1/175 857/1/250
f 1078/1/232 1130/1/252 1077/1/230
f 1131/1/253 1130/1/252 1078/1/232
f 1079/1/234 1131/1/253 1078/1/232
f 1132/1/254 1131/1/253 1079/1/234
f 1080/1/236 1132/1/254 1079/1/234
f 858/1/255 910/1/251 857/1/250
f 911/1/256 910/1/251 858/1/255
f 859/1/257 911/1/256 858/1/255
f 1133/1/258 1132/1/254 1080/1/236
f 912/1/259 911/1/256 859/1/257
f 1081/1/238 1133/1/258 1080/1/236
f 1134/1/260 1133/1/258 1081/1/238
f 860/1/261 912/1/259 859/1/257
f 913/1/262 912/1/259 860/1/261
f 861/1/263 913/1/262 860/1/261
f 914/1/264 913/1/262 861/1/263
f 862/1/265 914/1/264 861/1/263
f 915/1/266 914/1/264 862/1/265
f 863/1/267 915/1/266 862/1/265
f 916/1/268 915/1/266 863/1/267
f 864/1/269 916/1/268 863/1/267
f 917/1/270 916/1/268 864/1/269
f 865/1/271 917/1/270 864/1/269
f 937/1/272 936/1/273 884/1/47
f 885/1/49 937/1/272 884/1/47
f 938/1/274 937/1/272 885/1/49
f 886/1/51 938/1/274 885/1/49
f 887/1/56 938/1/274 886/1/51
f 835/1/53 887/1/56 886/1/51
f 940/1/275 939/1/276 887/1/56
f 888/1/55 940/1/275 887/1/56
f 941/1/277 940/1/275 888/1/55
f 889/1/58 941/1/277 888/1/55
f 942/1/278 941/1/277 889/1/58
f 890/1/60 942/1/278 889/1/58
f 943/1/279 942/1/278 890/1/60
f 891/1/62 943/1/279 890/1/60
f 944/1/280 943/1/279 891/1/62
f 892/1/64 944/1/280 891/1/62
f 945/1/281 944/1/280 892/1/64
f 893/1/142 945/1/281 892/1/64
f 946/1/282 945/1/281 893/1/142
f 894/1/144 946/1/282 893/1/142
f 947/1/283 946/1/282 894/1/144
f 895/1/146 947/1/283 894/1/144
f 948/1/284 947/1/283 895/1/146
f 918/1/285 917/1/270 865/1/271
f 896/1/148 948/1/284 895/1/146
f 866/1/286 918/1/285 865/1/271
f 919/1/287 918/1/285 866/1/286
f 867/1/288 919/1/287 866/1/286
f 920/1/289 919/1/287 867/1/288
f 868/1/290 920/1/289 867/1/288
f 921/1/291 920/1/289 868/1/290
f 869/1/292 921/1/291 868/1/290
f 922/1/293 921/1/291 869/1/292
f 870/1/294 922/1/293 869/1/292
f 923/1/295 922/1/293 870/1/294
f 1254/1/296 1253/1/224 1201/1/225
f 1202/1/69 1254/1/296 1201/1/225
f 871/1/297 923/1/295 870/1/294
f 2/1/219 1268/1/95 1269/1/97
f 924/1/298 923/1/295 871/1/297
f 2/1/219 1269/1/97 1270/1/99
f 872/1/299 924/1/298 871/1/297
f 2/1/219 1270/1/99 1271/1/101
f 925/1/300 924/1/298 872/1/299
f 2/1/219 1271/1/101 1272/1/103
f 1296/1/301 1295/1/214 1243/1/215
f 2/1/219 1272/1/103 1273/1/105
f 1244/1/302 1296/1/301 1243/1/215
f 2/1/219 1273/1/105 1274/1/107
f 1297/1/303 1296/1/301 1244/1/302
f 2/1/219 1274/1/107 1275/1/109
f 1245/1/304 1297/1/303 1244/1/302
f 2/1/219 1275/1/109 1276/1/176
f 1298/1/305 1297/1/303 1245/1/304
f 2/1/219 1276/1/176 1277/1/178
f 1246/1/306 1298/1/305 1245/1/304
f 2/1/219 1277/1/178 1278/1/180
f 1299/1/307 1298/1/305 1246/1/306
f 1255/1/68 1254/1/296 1202/1/69
f 1247/1/308 1299/1/307 1246/1/306
f 1300/1/309 1299/1/307 1247/1/308
f 1248/1/310 1300/1/309 1247/1/308
f 1301/1/311 1300/1/309 1248/1/310
f 1249/1/312 1301/1/311 1248/1/310
f 1302/1/313 1301/1/311 1249/1/312
f 1250/1/21 1302/1/313 1249/1/312
f 1251/1/122 1302/1/313 1250/1/21
f 1199/1/66 1251/1/122 1250/1/21
f 2/1/219 1251/1/122 1252/1/121
f 2/1/219 1252/1/121 1253/1/224
f 2/1/219 1253/1/224 1254/1/296
f 2/1/219 1254/1/296 1255/1/68
f 2/1/219 1255/1/68 1256/1/70
f 2/1/219 1256/1/70 1257/1/72
f 2/1/219 1257/1/72 1258/1/74
f 1082/1/240 1134/1/260 1081/1/238
f 1135/1/314 1134/1/260 1082/1/240
f 1083/1/242 1135/1/314 1082/1/240
f 1136/1/315 1135/1/314 1083/1/242
f 1084/1/244 1136/1/315 1083/1/242
f 1137/1/316 1136/1/315 1084/1/244
f 1085/1/246 1137/1/316 1084/1/244
f 1138/1/317 1137/1/316 1085/1/246
f 1086/1/248 1138/1/317 1085/1/246
f 1139/1/318 1138/1/317 1086/1/248
f 1087/1/319 1139/1/318 1086/1/248
f 1140/1/320 1139/1/318 1087/1/319
f 1088/1/321 1140/1/320 1087/1/319
f 1141/1/322 1140/1/320 1088/1/321
f 1089/1/323 1141/1/322 1088/1/321
f 1142/1/324 1141/1/322 1089/1/323
f 1090/1/325 1142/1/324 1089/1/323
f 1143/1/326 1142/1/324 1090/1/325
f 1091/1/327 1143/1/326 1090/1/325
f 1144/1/328 1143/1/326 1091/1/327
f 1092/1/329 1144/1/328 1091/1/327
f 1145/1/330 1144/1/328 1092/1/329
f 1093/1/331 1145/1/330 1092/1/329
f 1146/1/332 1145/1/330 1093/1/331
f 2/1/219 1258/1/74 1259/1/76
f 949/1/333 948/1/284 896/1/148
f 897/1/150 949/1/333 896/1/148
f 950/1/334 949/1/333 897/1/150
f 898/1/152 950/1/334 897/1/150
f 951/1/335 950/1/334 898/1/152
f 899/1/154 951/1/335 898/1/152
f 952/1/336 951/1/335 899/1/154
f 900/1/156 952/1/336 899/1/154
f 953/1/337 952/1/336 900/1/156
f 901/1/158 953/1/337 900/1/156
f 954/1/338 953/1/337 901/1/158
f 902/1/160 954/1/338 901/1/158
f 955/1/339 954/1/338 902/1/160
f 903/1/162 955/1/339 902/1/160
f 956/1/340 955/1/339 903/1/162
f 904/1/164 956/1/340 903/1/162
f 957/1/341 956/1/340 904/1/164
f 905/1/166 957/1/341 904/1/164
f 958/1/342 957/1/341 905/1/166
f 906/1/168 958/1/342 905/1/166
f 959/1/343 958/1/342 906/1/168
f 907/1/170 959/1/343 906/1/168
f 960/1/344 959/1/343 907/1/170
f 908/1/172 960/1/344 907/1/170
f 961/1/345 960/1/344 908/1/172
f 909/1/175 961/1/345 908/1/172
f 962/1/346 961/1/345 909/1/175
f 910/1/251 962/1/346 909/1/175
f 963/1/347 962/1/346 910/1/251
f 911/1/256 963/1/347 910/1/251
f 964/1/348 963/1/347 911/1/256
f 2/1/219 1259/1/76 1260/1/78
f 2/1/219 1260/1/78 1261/1/80
f 2/1/219 1261/1/80 1262/1/82
f 1042/1/349 1041/1/350 989/1/351
f 2/1/219 1278/1/180 1279/1/182
f 2/1/219 1262/1/82 1263/1/84
f 2/1/219 1279/1/182 1280/1/184
f 2/1/219 1263/1/84 1264/1/86
f 2/1/219 1280/1/184 1281/1/186
f 1087/1/319 1086/1/248 1034/1/249
f 2/1/219 1281/1/186 1282/1/188
f 1035/1/352 1087/1/319 1034/1/249
f 2/1/219 1282/1/188 1283/1/190
f 1088/1/321 1087/1/319 1035/1/352
f 2/1/219 1283/1/190 1284/1/192
f 1036/1/353 1088/1/321 1035/1/352
f 2/1/219 1284/1/192 1285/1/194
f 1089/1/323 1088/1/321 1036/1/353
f 2/1/219 1285/1/194 1286/1/196
f 1037/1/354 1089/1/323 1036/1/353
f 1049/1/11 1101/1/355 1048/1/9
f 1102/1/356 1101/1/355 1049/1/11
f 1050/1/13 1102/1/356 1049/1/11
f 1103/1/357 1102/1/356 1050/1/13
f 1051/1/15 1103/1/357 1050/1/13
f 1104/1/358 1103/1/357 1051/1/15
f 1052/1/17 1104/1/358 1051/1/15
f 1105/1/359 1104/1/358 1052/1/17
f 1053/1/19 1105/1/359 1052/1/17
f 1106/1/360 1105/1/359 1053/1/19
f 1054/1/24 1106/1/360 1053/1/19
f 1107/1/361 1106/1/360 1054/1/24
f 1055/1/26 1107/1/361 1054/1/24
f 1108/1/362 1107/1/361 1055/1/26
f 1090/1/325 1089/1/323 1037/1/354
f 1038/1/363 1090/1/325 1037/1/354
f 1091/1/327 1090/1/325 1038/1/363
f 1039/1/364 1091/1/327 1038/1/363
f 1092/1/329 1091/1/327 1039/1/364
f 1040/1/365 1092/1/329 1039/1/364
f 1093/1/331 1092/1/329 1040/1/365
f 1041/1/350 1093/1/331 1040/1/365
f 1094/1/366 1093/1/331 1041/1/350
f 1042/1/349 1094/1/366 1041/1/350
f 1094/1/366 1146/1/332 1093/1/331
f 1095/1/367 1146/1/332 1094/1/366
f 1043/1/368 1095/1/367 1094/1/366
f 1148/1/369 1147/1/93 1095/1/367
f 1096/1/370 1148/1/369 1095/1/367
f 1149/1/371 1148/1/369 1096/1/370
f 1097/1/372 1149/1/371 1096/1/370
f 1150/1/373 1149/1/371 1097/1/372
f 1098/1/374 1150/1/373 1097/1/372
f 1151/1/375 1150/1/373 1098/1/374
f 1099/1/376 1151/1/375 1098/1/374
f 1152/1/377 1151/1/375 1099/1/376
f 1100/1/378 1152/1/377 1099/1/376
f 1153/1/379 1152/1/377 1100/1/378
f 1101/1/355 1153/1/379 1100/1/378
f 1154/1/380 1153/1/379 1101/1/355
f 1102/1/356 1154/1/380 1101/1/355
f 1155/1/381 1154/1/380 1102/1/356
f 1103/1/357 1155/1/381 1102/1/356
f 1156/1/382 1155/1/381 1103/1/357
f 1104/1/358 1156/1/382 1103/1/357
f 1157/1/383 1156/1/382 1104/1/358
f 1105/1/359 1157/1/383 1104/1/358
f 1158/1/384 1157/1/383 1105/1/359
f 1106/1/360 1158/1/384 1105/1/359
f 1159/1/385 1158/1/384 1106/1/360
f 1107/1/361 1159/1/385 1106/1/360
f 1160/1/386 1159/1/385 1107/1/361
f 1108/1/362 1160/1/386 1107/1/361
f 1161/1/387 1160/1/386 1108/1/362
f 912/1/259 964/1/348 911/1/256
f 965/1/388 964/1/348 912/1/259
f 913/1/262 965/1/388 912/1/259
f 966/1/389 965/1/388 913/1/262
f 914/1/264 966/1/389 913/1/262
f 967/1/390 966/1/389 914/1/264
f 915/1/266 967/1/390 914/1/264
f 968/1/391 967/1/390 915/1/266
f 916/1/268 968/1/391 915/1/266
f 969/1/392 968/1/391 916/1/268
f 917/1/270 969/1/392 916/1/268
f 970/1/393 969/1/392 917/1/270
f 918/1/285 970/1/393 917/1/270
f 971/1/394 970/1/393 918/1/285
f 919/1/287 971/1/394 918/1/285
f 972/1/395 971/1/394 919/1/287
f 920/1/289 972/1/395 919/1/287
f 973/1/396 972/1/395 920/1/289
f 921/1/291 973/1/396 920/1/289
f 974/1/397 973/1/396 921/1/291
f 922/1/293 974/1/397 921/1/291
f 975/1/398 974/1/397 922/1/293
f 923/1/295 975/1/398 922/1/293
f 976/1/399 975/1/398 923/1/295
f 924/1/298 976/1/399 923/1/295
f 977/1/400 976/1/399 924/1/298
f 925/1/300 977/1/400 924/1/298
f 978/1/401 977/1/400 925/1/300
f 926/1/402 978/1/401 925/1/300
f 979/1/403 978/1/401 926/1/402
f 927/1/404 979/1/403 926/1/402
f 980/1/405 979/1/403 927/1/404
f 1056/1/28 1108/1/362 1055/1/26
f 1109/1/406 1108/1/362 1056/1/28
f 1057/1/110 1109/1/406 1056/1/28
f 1110/1/407 1109/1/406 1057/1/110
f 1058/1/112 1110/1/407 1057/1/110
f 1111/1/408 1110/1/407 1058/1/112
f 1059/1/114 1111/1/408 1058/1/112
f 1112/1/409 1111/1/408 1059/1/114
f 1060/1/116 1112/1/409 1059/1/114
f 1113/1/410 1112/1/409 1060/1/116
f 1061/1/118 1113/1/410 1060/1/116
f 1114/1/411 1113/1/410 1061/1/118
f 1062/1/120 1114/1/411 1061/1/118
f 1115/1/412 1114/1/411 1062/1/120
f 990/1/413 1042/1/349 989/1/351
f 2/1/219 1286/1/196 1287/1/198
f 991/1/414 1042/1/349 990/1/413
f 1043/1/368 1094/1/366 1042/1/349
f 939/1/276 991/1/414 990/1/413
f 2/1/219 1287/1/198 1288/1/200
f 1044/1/2 1043/1/368 991/1/414
f 991/1/414 1043/1/368 1042/1/349
f 2/1/219 1288/1/200 1289/1/202
f 1096/1/370 1095/1/367 1043/1/368
f 2/1/219 1289/1/202 1290/1/204
f 1044/1/2 1096/1/370 1043/1/368
f 2/1/219 1290/1/204 1291/1/206
f 1097/1/372 1096/1/370 1044/1/2
f 2/1/219 1291/1/206 1292/1/208
f 1045/1/1 1097/1/372 1044/1/2
f 2/1/219 1292/1/208 1293/1/210
f 1098/1/374 1097/1/372 1045/1/1
f 2/1/219 1293/1/210 1294/1/212
f 1046/1/5 1098/1/374 1045/1/1
f 1099/1/376 1098/1/374 1046/1/5
f 1047/1/7 1099/1/376 1046/1/5
f 1100/1/378 1099/1/376 1047/1/7
f 1048/1/9 1100/1/378 1047/1/7
f 1101/1/355 1100/1/378 1048/1/9
f 873/1/415 925/1/300 872/1/299
f 1109/1/406 1161/1/387 1108/1/362
f 1162/1/416 1161/1/387 1109/1/406
f 1110/1/407 1162/1/416 1109/1/406
f 1163/1/417 1162/1/416 1110/1/407
f 1111/1/408 1163/1/417 1110/1/407
f 1164/1/418 1163/1/417 1111/1/408
f 1112/1/409 1164/1/418 1111/1/408
f 1165/1/419 1164/1/418 1112/1/409
f 1113/1/410 1165/1/419 1112/1/409
f 1166/1/420 1165/1/419 1113/1/410
f 1114/1/411 1166/1/420 1113/1/410
f 1167/1/421 1166/1/420 1114/1/411
f 1115/1/412 1167/1/421 1114/1/411
f 1168/1/422 1167/1/421 1115/1/412
f 1116/1/423 1168/1/422 1115/1/412
f 1169/1/424 1168/1/422 1116/1/423
f 1117/1/425 1169/1/424 1116/1/423
f 1170/1/426 1169/1/424 1117/1/425
f 1118/1/427 1170/1/426 1117/1/425
f 1171/1/428 1170/1/426 1118/1/427
f 1119/1/429 1171/1/428 1118/1/427
f 1172/1/430 1171/1/428 1119/1/429
f 1120/1/431 1172/1/430 1119/1/429
f 1173/1/432 1172/1/430 1120/1/431
f 1121/1/433 1173/1/432 1120/1/431
f 1174/1/434 1173/1/432 1121/1/433
f 1122/1/435 1174/1/434 1121/1/433
f 1175/1/436 1174/1/434 1122/1/435
f 1123/1/437 1175/1/436 1122/1/435
f 1176/1/438 1175/1/436 1123/1/437
f 1124/1/439 1176/1/438 1123/1/437
f 1177/1/440 1176/1/438 1124/1/439
f 928/1/441 980/1/405 927/1/404
f 981/1/442 980/1/405 928/1/441
f 929/1/443 981/1/442 928/1/441
f 982/1/444 981/1/442 929/1/443
f 930/1/445 982/1/444 929/1/443
f 983/1/446 982/1/444 930/1/445
f 931/1/447 983/1/446 930/1/445
f 984/1/448 983/1/446 931/1/447
f 932/1/449 984/1/448 931/1/447
f 985/1/450 984/1/448 932/1/449
f 933/1/451 985/1/450 932/1/449
f 986/1/452 985/1/450 933/1/451
f 934/1/453 986/1/452 933/1/451
f 987/1/454 986/1/452 934/1/453
f 935/1/455 987/1/454 934/1/453
f 988/1/456 987/1/454 935/1/455
f 936/1/273 988/1/456 935/1/455
f 989/1/351 988/1/456 936/1/273
f 937/1/272 989/1/351 936/1/273
f 990/1/413 989/1/351 937/1/272
f 938/1/274 990/1/413 937/1/272
f 939/1/276 990/1/413 938/1/274
f 887/1/56 939/1/276 938/1/274
f 992/1/3 991/1/414 939/1/276
f 940/1/275 992/1/3 939/1/276
f 993/1/4 992/1/3 940/1/275
f 941/1/277 993/1/4 940/1/275
f 994/1/6 993/1/4 941/1/277
f 942/1/278 994/1/6 941/1/277
f 995/1/8 994/1/6 942/1/278
f 943/1/279 995/1/8 942/1/278
f 996/1/10 995/1/8 943/1/279
f 944/1/280 996/1/10 943/1/279
f 997/1/12 996/1/10 944/1/280
f 2/1/219 1294/1/212 1295/1/214
f 926/1/402 925/1/300 873/1/415
f 2/1/219 1295/1/214 1296/1/301
f 874/1/457 926/1/402 873/1/415
f 2/1/219 1296/1/301 1297/1/303
f 927/1/404 926/1/402 874/1/457
f 2/1/219 1297/1/303 1298/1/305
f 875/1/458 927/1/404 874/1/457
f 2/1/219 1298/1/305 1299/1/307
f 928/1/441 927/1/404 875/1/458
f 2/1/219 1299/1/307 1300/1/309
f 876/1/31 928/1/441 875/1/458
f 2/1/219 1300/1/309 1301/1/311
f 929/1/443 928/1/441 876/1/31
f 883/1/45 935/1/455 882/1/43
f 2/1/219 1301/1/311 1302/1/313
f 936/1/273 935/1/455 883/1/45
f 877/1/33 929/1/443 876/1/31
f 884/1/47 936/1/273 883/1/45
f 2/1/219 1302/1/313 1251/1/122
f 1063/1/124 1115/1/412 1062/1/120
f 1116/1/423 1115/1/412 1063/1/124
f 1064/1/126 1116/1/423 1063/1/124
f 1117/1/425 1116/1/423 1064/1/126
f 1065/1/128 1117/1/425 1064/1/126
f 1118/1/427 1117/1/425 1065/1/128
f 1066/1/130 1118/1/427 1065/1/128
f 1119/1/429 1118/1/427 1066/1/130
f 1067/1/132 1119/1/429 1066/1/130
f 1120/1/431 1119/1/429 1067/1/132
f 1068/1/134 1120/1/431 1067/1/132
f 1121/1/433 1120/1/431 1068/1/134
f 930/1/445 929/1/443 877/1/33
f 992/1/3 1044/1/2 991/1/414
f 878/1/35 930/1/445 877/1/33
f 931/1/447 930/1/445 878/1/35
f 879/1/37 931/1/447 878/1/35
f 932/1/449 931/1/447 879/1/37
f 1125/1/459 1177/1/440 1124/1/439
f 1178/1/460 1177/1/440 1125/1/459
f 1126/1/461 1178/1/460 1125/1/459
f 1179/1/462 1178/1/460 1126/1/461
f 1127/1/463 1179/1/462 1126/1/461
f 1180/1/464 1179/1/462 1127/1/463
f 1128/1/465 1180/1/464 1127/1/463
f 1181/1/466 1180/1/464 1128/1/465
f 1129/1/467 1181/1/466 1128/1/465
f 1182/1/468 1181/1/466 1129/1/467
f 1130/1/252 1182/1/468 1129/1/467
f 1183/1/469 1182/1/468 1130/1/252
f 1131/1/253 1183/1/469 1130/1/252
f 1184/1/470 1183/1/469 1131/1/253
f 1132/1/254 1184/1/470 1131/1/253
f 1185/1/471 1184/1/470 1132/1/254
f 1133/1/258 1185/1/471 1132/1/254
f 1186/1/472 1185/1/471 1133/1/258
f 1134/1/260 1186/1/472 1133/1/258
f 1187/1/473 1186/1/472 1134/1/260
f 1135/1/314 1187/1/473 1134/1/260
f 1188/1/474 1187/1/473 1135/1/314
f 1136/1/315 1188/1/474 1135/1/314
f 1189/1/475 1188/1/474 1136/1/315
f 1137/1/316 1189/1/475 1136/1/315
f 1190/1/476 1189/1/475 1137/1/316
f 1138/1/317 1190/1/476 1137/1/316
f 1191/1/477 1190/1/476 1138/1/317
f 1139/1/318 1191/1/477 1138/1/317
f 1192/1/478 1191/1/477 1139/1/318
f 1140/1/320 1192/1/478 1139/1/318
f 1193/1/479 1192/1/478 1140/1/320
f 1141/1/322 1193/1/479 1140/1/320
f 1194/1/480 1193/1/479 1141/1/322
f 1142/1/324 1194/1/480 1141/1/322
f 1195/1/481 1194/1/480 1142/1/324
f 945/1/281 997/1/12 944/1/280
f 998/1/14 997/1/12 945/1/281
f 946/1/282 998/1/14 945/1/281
f 999/1/16 998/1/14 946/1/282
f 947/1/283 999/1/16 946/1/282
f 1000/1/18 999/1/16 947/1/283
f 948/1/284 1000/1/18 947/1/283
f 1001/1/23 1000/1/18 948/1/284
f 949/1/333 1001/1/23 948/1/284
f 1002/1/25 1001/1/23 949/1/333
f 950/1/334 1002/1/25 949/1/333
f 1003/1/27 1002/1/25 950/1/334
f 951/1/335 1003/1/27 950/1/334
f 1004/1/29 1003/1/27 951/1/335
f 952/1/336 1004/1/29 951/1/335
f 1005/1/111 1004/1/29 952/1/336
f 953/1/337 1005/1/111 952/1/336
f 1006/1/113 1005/1/111 953/1/337
f 954/1/338 1006/1/113 953/1/337
f 1069/1/136 1121/1/433 1068/1/134
f 1007/1/115 1006/1/113 954/1/338
f 955/1/339 1007/1/115 954/1/338
f 1008/1/117 1007/1/115 955/1/339
f 956/1/340 1008/1/117 955/1/339
f 1009/1/119 1008/1/117 956/1/340
f 957/1/341 1009/1/119 956/1/340
f 1010/1/123 1009/1/119 957/1/341
f 958/1/342 1010/1/123 957/1/341
f 1011/1/125 1010/1/123 958/1/342
f 959/1/343 1011/1/125 958/1/342
f 1122/1/435 1121/1/433 1069/1/136
f 1070/1/138 1122/1/435 1069/1/136
f 1123/1/437 1122/1/435 1070/1/138
f 1071/1/140 1123/1/437 1070/1/138
f 1124/1/439 1123/1/437 1071/1/140
f 1072/1/216 1124/1/439 1071/1/140
f 1125/1/459 1124/1/439 1072/1/216
f 1073/1/218 1125/1/459 1072/1/216
f 1126/1/461 1125/1/459 1073/1/218
f 1074/1/221 1126/1/461 1073/1/218
f 1127/1/463 1126/1/461 1074/1/221
f 1075/1/226 1127/1/463 1074/1/221
f 1128/1/465 1127/1/463 1075/1/226
f 1076/1/228 1128/1/465 1075/1/226
f 1129/1/467 1128/1/465 1076/1/228
f 1077/1/230 1129/1/467 1076/1/228
f 1130/1/252 1129/1/467 1077/1/230
f 836/1/57 835/1/53 783/1/54
f 784/1/482 836/1/57 783/1/54
f 837/1/59 836/1/57 784/1/482
f 785/1/483 837/1/59 784/1/482
f 838/1/61 837/1/59 785/1/483
f 786/1/484 838/1/61 785/1/483
f 839/1/63 838/1/61 786/1/484
f 787/1/485 839/1/63 786/1/484
f 840/1/65 839/1/63 787/1/485
f 788/1/486 840/1/65 787/1/485
f 841/1/143 840/1/65 788/1/486
f 789/1/487 841/1/143 788/1/486
f 842/1/145 841/1/143 789/1/487
f 790/1/488 842/1/145 789/1/487
f 843/1/147 842/1/145 790/1/488
f 791/1/489 843/1/147 790/1/488
f 844/1/149 843/1/147 791/1/489
f 880/1/39 932/1/449 879/1/37
f 933/1/451 932/1/449 880/1/39
f 1143/1/326 1195/1/481 1142/1/324
f 1196/1/490 1195/1/481 1143/1/326
f 1144/1/328 1196/1/490 1143/1/326
f 1197/1/22 1196/1/490 1144/1/328
f 1145/1/330 1197/1/22 1144/1/328
f 1198/1/20 1197/1/22 1145/1/330
f 1146/1/332 1198/1/20 1145/1/330
f 1147/1/93 1198/1/20 1146/1/332
f 1095/1/367 1147/1/93 1146/1/332
f 1200/1/223 1199/1/66 1147/1/93
f 1148/1/369 1200/1/223 1147/1/93
f 1201/1/225 1200/1/223 1148/1/369
f 1149/1/371 1201/1/225 1148/1/369
f 1202/1/69 1201/1/225 1149/1/371
f 1150/1/373 1202/1/69 1149/1/371
f 1203/1/67 1202/1/69 1150/1/373
f 1151/1/375 1203/1/67 1150/1/373
f 1204/1/71 1203/1/67 1151/1/375
f 1152/1/377 1204/1/71 1151/1/375
f 1205/1/73 1204/1/71 1152/1/377
f 1153/1/379 1205/1/73 1152/1/377
f 1206/1/75 1205/1/73 1153/1/379
f 1154/1/380 1206/1/75 1153/1/379
f 1207/1/77 1206/1/75 1154/1/380
f 1155/1/381 1207/1/77 1154/1/380
f 1208/1/79 1207/1/77 1155/1/381
f 1156/1/382 1208/1/79 1155/1/381
f 1209/1/81 1208/1/79 1156/1/382
f 1157/1/383 1209/1/81 1156/1/382
f 1210/1/83 1209/1/81 1157/1/383
f 1158/1/384 1210/1/83 1157/1/383
f 1211/1/85 1210/1/83 1158/1/384
f 1159/1/385 1211/1/85 1158/1/384
f 1212/1/87 1211/1/85 1159/1/385
f 1160/1/386 1212/1/87 1159/1/385
f 1213/1/89 1212/1/87 1160/1/386
f 1161/1/387 1213/1/89 1160/1/386
f 1214/1/91 1213/1/89 1161/1/387
f 1162/1/416 1214/1/91 1161/1/387
f 1215/1/94 1214/1/91 1162/1/416
f 1012/1/127 1011/1/125 959/1/343
f 960/1/344 1012/1/127 959/1/343
f 1013/1/129 1012/1/127 960/1/344
f 961/1/345 1013/1/129 960/1/344
f 1014/1/131 1013/1/129 961/1/345
f 962/1/346 1014/1/131 961/1/345
f 1015/1/133 1014/1/131 962/1/346
f 963/1/347 1015/1/133 962/1/346
f 1016/1/135 1015/1/133 963/1/347
f 964/1/348 1016/1/135 963/1/347
f 1017/1/137 1016/1/135 964/1/348
f 965/1/388 1017/1/137 964/1/348
f 1018/1/139 1017/1/137 965/1/388
f 966/1/389 1018/1/139 965/1/388
f 1019/1/141 1018/1/139 966/1/389
f 967/1/390 1019/1/141 966/1/389
f 1020/1/217 1019/1/141 967/1/390
f 968/1/391 1020/1/217 967/1/390
f 1021/1/220 1020/1/217 968/1/391
f 969/1/392 1021/1/220 968/1/391
f 1022/1/222 1021/1/220 969/1/392
f 970/1/393 1022/1/222 969/1/392
f 1023/1/227 1022/1/222 970/1/393
f 971/1/394 1023/1/227 970/1/393
f 1024/1/229 1023/1/227 971/1/394
f 972/1/395 1024/1/229 971/1/394
f 1025/1/231 1024/1/229 972/1/395
f 973/1/396 1025/1/231 972/1/395
f 1026/1/233 1025/1/231 973/1/396
f 974/1/397 1026/1/233 973/1/396
f 792/1/491 844/1/149 791/1/489
f 845/1/151 844/1/149 792/1/491
f 793/1/492 845/1/151 792/1/491
f 846/1/153 845/1/151 793/1/492
f 794/1/493 846/1/153 793/1/492
f 847/1/155 846/1/153 794/1/493
f 795/1/494 847/1/155 794/1/493
f 848/1/157 847/1/155 795/1/494
f 796/1/495 848/1/157 795/1/494
f 849/1/159 848/1/157 796/1/495
f 797/1/496 849/1/159 796/1/495
f 850/1/161 849/1/159 797/1/496
f 798/1/497 850/1/161 797/1/496
f 851/1/163 850/1/161 798/1/497
f 799/1/498 851/1/163 798/1/497
f 852/1/165 851/1/163 799/1/498
f 800/1/499 852/1/165 799/1/498
f 853/1/167 852/1/165 800/1/499
f 801/1/500 853/1/167 800/1/499
f 854/1/169 853/1/167 801/1/500
f 802/1/501 854/1/169 801/1/500
f 855/1/171 854/1/169 802/1/501
f 803/1/502 855/1/171 802/1/501
f 856/1/173 855/1/171 803/1/502
f 804/1/503 856/1/173 803/1/502
f 857/1/250 856/1/173 804/1/503
f 805/1/504 857/1/250 804/1/503
f 858/1/255 857/1/250 805/1/504
f 806/1/505 858/1/255 805/1/504
f 859/1/257 858/1/255 806/1/505
f 807/1/506 859/1/257 806/1/505
f 860/1/261 859/1/257 807/1/506
f 881/1/41 933/1/451 880/1/39
f 934/1/453 933/1/451 881/1/41
f 1163/1/417 1215/1/94 1162/1/416
f 1216/1/96 1215/1/94 1163/1/417
f 1164/1/418 1216/1/96 1163/1/417
f 1217/1/98 1216/1/96 1164/1/418
f 1165/1/419 1217/1/98 1164/1/418
f 1218/1/100 1217/1/98 1165/1/419
f 1166/1/420 1218/1/100 1165/1/419
f 1219/1/102 1218/1/100 1166/1/420
f 1167/1/421 1219/1/102 1166/1/420
f 1220/1/104 1219/1/102 1167/1/421
f 1168/1/422 1220/1/104 1167/1/421
f 1221/1/106 1220/1/104 1168/1/422
f 1169/1/424 1221/1/106 1168/1/422
f 1222/1/108 1221/1/106 1169/1/424
f 1170/1/426 1222/1/108 1169/1/424
f 1223/1/174 1222/1/108 1170/1/426
f 1171/1/428 1223/1/174 1170/1/426
f 1224/1/177 1223/1/174 1171/1/428
f 1172/1/430 1224/1/177 1171/1/428
f 1225/1/179 1224/1/177 1172/1/430
f 1173/1/432 1225/1/179 1172/1/430
f 1226/1/181 1225/1/179 1173/1/432
f 1174/1/434 1226/1/181 1173/1/432
f 1227/1/183 1226/1/181 1174/1/434
f 1175/1/436 1227/1/183 1174/1/434
f 1228/1/185 1227/1/183 1175/1/436
f 1176/1/438 1228/1/185 1175/1/436
f 1229/1/187 1228/1/185 1176/1/438
f 1177/1/440 1229/1/187 1176/1/438
f 1230/1/189 1229/1/187 1177/1/440
f 1178/1/460 1230/1/189 1177/1/440
f 1231/1/191 1230/1/189 1178/1/460
f 1179/1/462 1231/1/191 1178/1/460
f 1232/1/193 1231/1/191 1179/1/462
f 1180/1/464 1232/1/193 1179/1/462
f 1233/1/195 1232/1/193 1180/1/464
f 1181/1/466 1233/1/195 1180/1/464
f 1234/1/197 1233/1/195 1181/1/466
f 1182/1/468 1234/1/197 1181/1/466
f 1235/1/199 1234/1/197 1182/1/468
f 1027/1/235 1026/1/233 974/1/397
f 975/1/398 1027/1/235 974/1/397
f 1028/1/237 1027/1/235 975/1/398
f 976/1/399 1028/1/237 975/1/398
f 1029/1/239 1028/1/237 976/1/399
f 977/1/400 1029/1/239 976/1/399
f 1030/1/241 1029/1/239 977/1/400
f 978/1/401 1030/1/241 977/1/400
f 1031/1/243 1030/1/241 978/1/401
f 979/1/403 1031/1/243 978/1/401
f 1032/1/245 1031/1/243 979/1/403
f 980/1/405 1032/1/245 979/1/403
f 1033/1/247 1032/1/245 980/1/405
f 981/1/442 1033/1/247 980/1/405
f 1034/1/249 1033/1/247 981/1/442
f 982/1/444 1034/1/249 981/1/442
f 1035/1/352 1034/1/249 982/1/444
f 983/1/446 1035/1/352 982/1/444
f 1036/1/353 1035/1/352 983/1/446
f 984/1/448 1036/1/353 983/1/446
f 1037/1/354 1036/1/353 984/1/448
f 985/1/450 1037/1/354 984/1/448
f 1038/1/363 1037/1/354 985/1/450
f 986/1/452 1038/1/363 985/1/450
f 1039/1/364 1038/1/363 986/1/452
f 987/1/454 1039/1/364 986/1/452
f 1040/1/365 1039/1/364 987/1/454
f 988/1/456 1040/1/365 987/1/454
f 1041/1/350 1040/1/365 988/1/456
f 989/1/351 1041/1/350 988/1/456
f 808/1/507 860/1/261 807/1/506
f 861/1/263 860/1/261 808/1/507
f 809/1/508 861/1/263 808/1/507
f 862/1/265 861/1/263 809/1/508
f 810/1/509 862/1/265 809/1/508
f 863/1/267 862/1/265 810/1/509
f 811/1/510 863/1/267 810/1/509
f 864/1/269 863/1/267 811/1/510
f 812/1/511 864/1/269 811/1/510
f 865/1/271 864/1/269 812/1/511
f 813/1/512 865/1/271 812/1/511
f 866/1/286 865/1/271 813/1/512
f 814/1/513 866/1/286 813/1/512
f 867/1/288 866/1/286 814/1/513
f 815/1/514 867/1/288 814/1/513
f 868/1/290 867/1/288 815/1/514
f 816/1/515 868/1/290 815/1/514
f 869/1/292 868/1/290 816/1/515
f 817/1/516 869/1/292 816/1/515
f 870/1/294 869/1/292 817/1/516
f 818/1/517 870/1/294 817/1/516
f 871/1/297 870/1/294 818/1/517
f 819/1/518 871/1/297 818/1/517
f 872/1/299 871/1/297 819/1/518
f 820/1/519 872/1/299 819/1/518
f 873/1/415 872/1/299 820/1/519
f 821/1/520 873/1/415 820/1/519
f 874/1/457 873/1/415 821/1/520
f 822/1/521 874/1/457 821/1/520
f 875/1/458 874/1/457 822/1/521
f 823/1/32 875/1/458 822/1/521
f 876/1/31 875/1/458 823/1/32
f 882/1/43 934/1/453 881/1/41
f 935/1/455 934/1/453 882/1/43
f 1183/1/469 1235/1/199 1182/1/468
f 1236/1/201 1235/1/199 1183/1/469
f 1184/1/470 1236/1/201 1183/1/469
f 1237/1/203 1236/1/201 1184/1/470
f 1185/1/471 1237/1/203 1184/1/470
f 1238/1/205 1237/1/203 1185/1/471
f 1186/1/472 1238/1/205 1185/1/471
f 1239/1/207 1238/1/205 1186/1/472
f 1187/1/473 1239/1/207 1186/1/472
f 1240/1/209 1239/1/207 1187/1/473
f 1188/1/474 1240/1/209 1187/1/473
f 1241/1/211 1240/1/209 1188/1/474
f 1189/1/475 1241/1/211 1188/1/474
f 1242/1/213 1241/1/211 1189/1/475
f 1190/1/476 1242/1/213 1189/1/475
f 1243/1/215 1242/1/213 1190/1/476
f 1191/1/477 1243/1/215 1190/1/476
f 1244/1/302 1243/1/215 1191/1/477
f 1192/1/478 1244/1/302 1191/1/477
f 1245/1/304 1244/1/302 1192/1/478
f 1193/1/479 1245/1/304 1192/1/478
f 1246/1/306 1245/1/304 1193/1/479
f 1194/1/480 1246/1/306 1193/1/479
f 1247/1/308 1246/1/306 1194/1/480
f 1195/1/481 1247/1/308 1194/1/480
f 1248/1/310 1247/1/308 1195/1/481
f 1196/1/490 1248/1/310 1195/1/481
f 1249/1/312 1248/1/310 1196/1/490
f 1197/1/22 1249/1/312 1196/1/490
f 1250/1/21 1249/1/312 1197/1/22
