# WaveFront *.obj file (generated by CINEMA 4D)

g Cylinder
v -7.429748 0.210659 -2.407697
v -7.429748 31.210722 -2.407697
v -7.72444 0.210659 -1.089315
v -7.72444 31.210722 -1.089315
v -7.785722 0.210659 0.260211
v -7.785722 31.210722 0.260211
v -7.61173 0.210659 1.599877
v -7.61173 31.210722 1.599877
v -7.207751 0.210659 2.888976
v -7.207751 31.210722 2.888976
v -6.586059 0.210659 4.08834
v -6.586059 31.210722 4.08834
v -5.765545 0.210659 5.161528
v -5.765545 31.210722 5.161528
v -4.771139 0.210659 6.075931
v -4.771139 31.210722 6.075931
v -3.633056 0.210659 6.803766
v -3.633056 31.210722 6.803766
v -2.385876 0.210659 7.322917
v -2.385876 31.210722 7.322917
v -1.067494 0.210659 7.61761
v -1.067494 31.210722 7.61761
v 0.282032 0.210659 7.678892
v 0.282032 31.210722 7.678892
v 1.621697 0.210659 7.504899
v 1.621697 31.210722 7.504899
v 2.910797 0.210659 7.100921
v 2.910797 31.210722 7.100921
v 4.110161 0.210659 6.479229
v 4.110161 31.210722 6.479229
v 5.183349 0.210659 5.658715
v 5.183349 31.210722 5.658715
v 6.097752 0.210659 4.664309
v 6.097752 31.210722 4.664309
v 6.825587 0.210659 3.526226
v 6.825587 31.210722 3.526226
v 7.344738 0.210659 2.279046
v 7.344738 31.210722 2.279046
v 7.639431 0.210659 0.960663
v 7.639431 31.210722 0.960663
v 7.700713 0.210659 -0.388863
v 7.700713 31.210722 -0.388863
v 7.52672 0.210659 -1.728528
v 7.52672 31.210722 -1.728528
v 7.122741 0.210659 -3.017627
v 7.122741 31.210722 -3.017627
v 6.50105 0.210659 -4.216992
v 6.50105 31.210722 -4.216992
v 5.680535 0.210659 -5.29018
v 5.680535 31.210722 -5.29018
v 4.686129 0.210659 -6.204583
v 4.686129 31.210722 -6.204583
v 3.548046 0.210659 -6.932417
v 3.548046 31.210722 -6.932417
v 2.300866 0.210659 -7.451568
v 2.300866 31.210722 -7.451568
v 0.982484 0.210659 -7.746262
v 0.982484 31.210722 -7.746262
v -0.367042 0.210659 -7.807543
v -0.367042 31.210722 -7.807543
v -1.706707 0.210659 -7.633551
v -1.706707 31.210722 -7.633551
v -2.995806 0.210659 -7.229571
v -2.995806 31.210722 -7.229571
v -4.195171 0.210659 -6.60788
v -4.195171 31.210722 -6.60788
v -5.268359 0.210659 -5.787366
v -5.268359 31.210722 -5.787366
v -6.182762 0.210659 -4.79296
v -6.182762 31.210722 -4.79296
v -6.910597 0.210659 -3.654877
v -6.910597 31.210722 -3.654877
v -7.282002 31.285042 -2.360829
v -7.20813 31.401291 -2.337396
v -7.134257 31.517543 -2.313962
v -7.060385 31.633792 -2.290528
v -6.986513 31.750044 -2.267095
v -6.912641 31.866294 -2.243661
v -6.838768 31.982543 -2.220227
v -6.764895 32.098795 -2.196793
v -6.691023 32.215044 -2.17336
v -7.570802 31.285042 -1.068815
v -7.493982 31.401291 -1.058565
v -7.417163 31.517543 -1.048315
v -7.340344 31.633792 -1.038065
v -7.263524 31.750044 -1.027815
v -7.186705 31.866294 -1.017565
v -7.109886 31.982543 -1.007315
v -7.033066 32.098795 -0.997066
v -6.956247 32.215044 -0.986816
v -7.630858 31.285042 0.253721
v -7.553426 31.401291 0.250475
v -7.475993 31.517543 0.24723
v -7.398562 31.633792 0.243985
v -7.321129 31.750044 0.240739
v -7.243697 31.866294 0.237494
v -7.166265 31.982543 0.234248
v -7.088832 32.098795 0.231003
v -7.011401 32.215044 0.227758
v -7.460345 31.285042 1.566593
v -7.384653 31.401291 1.549951
v -7.308961 31.517543 1.533308
v -7.233269 31.633792 1.516666
v -7.157576 31.750044 1.500024
v -7.081884 31.866294 1.483382
v -7.006192 31.982543 1.46674
v -6.9305 32.098795 1.450098
v -6.854807 32.215044 1.433456
v -7.064446 31.285042 2.82991
v -6.992794 31.401291 2.800377
v -6.921141 31.517543 2.770844
v -6.849489 31.633792 2.741311
v -6.777836 31.750044 2.711778
v -6.706184 31.866294 2.682245
v -6.634531 31.982543 2.652712
v -6.562879 32.098795 2.623179
v -6.491226 32.215044 2.593646
v -6.455189 31.285042 4.005287
v -6.389753 31.401291 3.96376
v -6.324317 31.517543 3.922234
v -6.258881 31.633792 3.880707
v -6.193446 31.750044 3.83918
v -6.12801 31.866294 3.797654
v -6.062575 31.982543 3.756127
v -5.997139 32.098795 3.714601
v -5.931704 32.215044 3.673074
v -5.651084 31.285042 5.057011
v -5.593854 31.401291 5.004753
v -5.536623 31.517543 4.952494
v -5.479393 31.633792 4.900235
v -5.422162 31.750044 4.847977
v -5.364932 31.866294 4.795718
v -5.307702 31.982543 4.74346
v -5.250471 32.098795 4.691201
v -5.193241 32.215044 4.638943
v -4.676566 31.285042 5.953126
v -4.62928 31.401291 5.891724
v -4.581994 31.517543 5.830321
v -4.534707 31.633792 5.768919
v -4.487421 31.750044 5.707516
v -4.440135 31.866294 5.646113
v -4.392848 31.982543 5.584711
v -4.345562 32.098795 5.523308
v -4.298276 32.215044 5.461906
v -3.561245 31.285042 6.666404
v -3.52534 31.401291 6.597723
v -3.489434 31.517543 6.529042
v -3.453529 31.633792 6.460361
v -3.417623 31.750044 6.391681
v -3.381718 31.866294 6.323
v -3.345812 31.982543 6.254319
v -3.309906 32.098795 6.185637
v -3.274001 32.215044 6.116957
v -2.339009 31.285042 7.175172
v -2.315575 31.401291 7.101299
v -2.292141 31.517543 7.027427
v -2.268708 31.633792 6.953555
v -2.245274 31.750044 6.879683
v -2.22184 31.866294 6.80581
v -2.198406 31.982543 6.731937
v -2.174973 32.098795 6.658065
v -2.151539 32.215044 6.584192
v -1.046994 31.285042 7.463972
v -1.036744 31.401291 7.387152
v -1.026494 31.517543 7.310333
v -1.016244 31.633792 7.233513
v -1.005995 31.750044 7.156694
v -0.995745 31.866294 7.079875
v -0.985495 31.982543 7.003055
v -0.975245 32.098795 6.926236
v -0.964995 32.215044 6.849416
v 0.275541 31.285042 7.524028
v 0.272296 31.401291 7.446595
v 0.269051 31.517543 7.369163
v 0.265805 31.633792 7.291731
v 0.26256 31.750044 7.214298
v 0.259315 31.866294 7.136867
v 0.256069 31.982543 7.059434
v 0.252824 32.098795 6.982002
v 0.249578 32.215044 6.90457
v 1.588413 31.285042 7.353515
v 1.571771 31.401291 7.277823
v 1.555129 31.517543 7.20213
v 1.538487 31.633792 7.126439
v 1.521845 31.750044 7.050746
v 1.505203 31.866294 6.975054
v 1.488561 31.982543 6.899361
v 1.471919 32.098795 6.82367
v 1.455277 32.215044 6.747977
v 2.85173 31.285042 6.957616
v 2.822197 31.401291 6.885963
v 2.792664 31.517543 6.814311
v 2.763131 31.633792 6.742658
v 2.733598 31.750044 6.671006
v 2.704065 31.866294 6.599353
v 2.674532 31.982543 6.527701
v 2.644999 32.098795 6.456048
v 2.615466 32.215044 6.384396
v 4.027108 31.285042 6.348357
v 3.985581 31.401291 6.282922
v 3.944055 31.517543 6.217487
v 3.902528 31.633792 6.152051
v 3.861001 31.750044 6.086616
v 3.819474 31.866294 6.02118
v 3.777948 31.982543 5.955744
v 3.736421 32.098795 5.890309
v 3.694894 32.215044 5.824873
v 5.078832 31.285042 5.544254
v 5.026573 31.401291 5.487023
v 4.974315 31.517543 5.429793
v 4.922056 31.633792 5.372562
v 4.869798 31.750044 5.315332
v 4.817539 31.866294 5.258102
v 4.765281 31.982543 5.200871
v 4.713022 32.098795 5.143641
v 4.660764 32.215044 5.086411
v 5.974947 31.285042 4.569736
v 5.913544 31.401291 4.52245
v 5.852142 31.517543 4.475164
v 5.790739 31.633792 4.427877
v 5.729337 31.750044 4.380591
v 5.667934 31.866294 4.333304
v 5.606531 31.982543 4.286018
v 5.545129 32.098795 4.238732
v 5.483726 32.215044 4.191445
v 6.688225 31.285042 3.454415
v 6.619543 31.401291 3.418509
v 6.550863 31.517543 3.382604
v 6.482182 31.633792 3.346698
v 6.413501 31.750044 3.310793
v 6.34482 31.866294 3.274887
v 6.276139 31.982543 3.238982
v 6.207458 32.098795 3.203076
v 6.138777 32.215044 3.167171
v 7.196992 31.285042 2.232178
v 7.12312 31.401291 2.208745
v 7.049248 31.517543 2.185311
v 6.975375 31.633792 2.161877
v 6.901503 31.750044 2.138443
v 6.827631 31.866294 2.11501
v 6.753758 31.982543 2.091576
v 6.679886 32.098795 2.068142
v 6.606013 32.215044 2.044708
v 7.485792 31.285042 0.940164
v 7.408972 31.401291 0.929914
v 7.332154 31.517543 0.919664
v 7.255334 31.633792 0.909414
v 7.178514 31.750044 0.899164
v 7.101696 31.866294 0.888914
v 7.024876 31.982543 0.878664
v 6.948056 32.098795 0.868414
v 6.871237 32.215044 0.858164
v 7.545848 31.285042 -0.382372
v 7.468416 31.401291 -0.379127
v 7.390983 31.517543 -0.375881
v 7.313552 31.633792 -0.372636
v 7.236119 31.750044 -0.36939
v 7.158687 31.866294 -0.366145
v 7.081255 31.982543 -0.3629
v 7.003823 32.098795 -0.359654
v 6.926391 32.215044 -0.356409
v 7.375336 31.285042 -1.695244
v 7.299644 31.401291 -1.678602
v 7.223951 31.517543 -1.66196
v 7.148259 31.633792 -1.645318
v 7.072566 31.750044 -1.628676
v 6.996875 31.866294 -1.612034
v 6.921182 31.982543 -1.595392
v 6.84549 32.098795 -1.57875
v 6.769797 32.215044 -1.562108
v 6.979436 31.285042 -2.958561
v 6.907784 31.401291 -2.929028
v 6.836131 31.517543 -2.899495
v 6.764479 31.633792 -2.869962
v 6.692826 31.750044 -2.840429
v 6.621174 31.866294 -2.810896
v 6.549521 31.982543 -2.781363
v 6.477869 32.098795 -2.75183
v 6.406216 32.215044 -2.722297
v 6.370179 31.285042 -4.133938
v 6.304743 31.401291 -4.092412
v 6.239307 31.517543 -4.050885
v 6.173872 31.633792 -4.009358
v 6.108436 31.750044 -3.967831
v 6.043001 31.866294 -3.926305
v 5.977565 31.982543 -3.884778
v 5.91213 32.098795 -3.843252
v 5.846694 32.215044 -3.801725
v 5.566075 31.285042 -5.185663
v 5.508844 31.401291 -5.133404
v 5.451614 31.517543 -5.081146
v 5.394383 31.633792 -5.028887
v 5.337153 31.750044 -4.976629
v 5.279922 31.866294 -4.92437
v 5.222692 31.982543 -4.872111
v 5.165462 32.098795 -4.819853
v 5.108231 32.215044 -4.767594
v 4.591557 31.285042 -6.081777
v 4.54427 31.401291 -6.020375
v 4.496984 31.517543 -5.958972
v 4.449698 31.633792 -5.89757
v 4.402411 31.750044 -5.836167
v 4.355125 31.866294 -5.774765
v 4.307839 31.982543 -5.713362
v 4.260552 32.098795 -5.651959
v 4.213266 32.215044 -5.590557
v 3.476235 31.285042 -6.795055
v 3.44033 31.401291 -6.726375
v 3.404424 31.517543 -6.657693
v 3.368519 31.633792 -6.589012
v 3.332613 31.750044 -6.520331
v 3.296708 31.866294 -6.451651
v 3.260802 31.982543 -6.38297
v 3.224897 32.098795 -6.314289
v 3.188991 32.215044 -6.245608
v 2.253999 31.285042 -7.303823
v 2.230565 31.401291 -7.229951
v 2.207132 31.517543 -7.156078
v 2.183698 31.633792 -7.082206
v 2.160264 31.750044 -7.008333
v 2.13683 31.866294 -6.934461
v 2.113397 31.982543 -6.860589
v 2.089963 32.098795 -6.786716
v 2.066529 32.215044 -6.712844
v 0.961984 31.285042 -7.592622
v 0.951734 31.401291 -7.515804
v 0.941485 31.517543 -7.438984
v 0.931235 31.633792 -7.362164
v 0.920985 31.750044 -7.285346
v 0.910735 31.866294 -7.208526
v 0.900485 31.982543 -7.131706
v 0.890235 32.098795 -7.054887
v 0.879985 32.215044 -6.978068
v -0.360551 31.285042 -7.652678
v -0.357306 31.401291 -7.575247
v -0.35406 31.517543 -7.497814
v -0.350815 31.633792 -7.420382
v -0.34757 31.750044 -7.34295
v -0.344324 31.866294 -7.265517
v -0.341079 31.982543 -7.188086
v -0.337834 32.098795 -7.110653
v -0.334588 32.215044 -7.033221
v -1.673423 31.285042 -7.482167
v -1.656781 31.401291 -7.406474
v -1.640139 31.517543 -7.330782
v -1.623497 31.633792 -7.255089
v -1.606855 31.750044 -7.179398
v -1.590213 31.866294 -7.103705
v -1.573571 31.982543 -7.028013
v -1.556929 32.098795 -6.95232
v -1.540287 32.215044 -6.876628
v -2.93674 31.285042 -7.086266
v -2.907207 31.401291 -7.014614
v -2.877674 31.517543 -6.942961
v -2.848141 31.633792 -6.871309
v -2.818608 31.750044 -6.799656
v -2.789075 31.866294 -6.728005
v -2.759542 31.982543 -6.656352
v -2.730009 32.098795 -6.5847
v -2.700476 32.215044 -6.513047
v -4.112118 31.285042 -6.477009
v -4.070591 31.401291 -6.411573
v -4.029064 31.517543 -6.346138
v -3.987538 31.633792 -6.280702
v -3.946011 31.750044 -6.215267
v -3.904484 31.866294 -6.149831
v -3.862958 31.982543 -6.084396
v -3.821431 32.098795 -6.01896
v -3.779904 32.215044 -5.953525
v -5.163842 31.285042 -5.672905
v -5.111583 31.401291 -5.615675
v -5.059325 31.517543 -5.558444
v -5.007066 31.633792 -5.501214
v -4.954808 31.750044 -5.443983
v -4.902549 31.866294 -5.386753
v -4.850291 31.982543 -5.329522
v -4.798032 32.098795 -5.272292
v -4.745774 32.215044 -5.215062
v -6.059957 31.285042 -4.698387
v -5.998554 31.401291 -4.651101
v -5.937152 31.517543 -4.603815
v -5.875749 31.633792 -4.556528
v -5.814347 31.750044 -4.509242
v -5.752944 31.866294 -4.461956
v -5.691541 31.982543 -4.414669
v -5.630139 32.098795 -4.367383
v -5.568736 32.215044 -4.320096
v -6.773234 31.285042 -3.583066
v -6.704553 31.401291 -3.54716
v -6.635872 31.517543 -3.511255
v -6.567192 31.633792 -3.475349
v -6.498511 31.750044 -3.439444
v -6.42983 31.866294 -3.403538
v -6.361149 31.982543 -3.367633
v -6.292468 32.098795 -3.331727
v -6.223787 32.215044 -3.295822

f 290 280 289 
f 2 1 4 
f 4 1 3 
f 304 294 303 
f 282 281 291 
f 4 3 6 
f 6 3 5 
f 296 295 305 
f 291 281 290 
f 6 5 8 
f 8 5 7 
f 305 295 304 
f 283 282 292 
f 8 7 10 
f 10 7 9 
f 297 296 306 
f 292 282 291 
f 10 9 12 
f 12 9 11 
f 306 296 305 
f 284 283 293 
f 12 11 14 
f 14 11 13 
f 395 385 394 
f 293 283 292 
f 14 13 16 
f 16 13 15 
f 387 386 396 
f 285 284 294 
f 16 15 18 
f 18 15 17 
f 396 386 395 
f 294 284 293 
f 18 17 20 
f 20 17 19 
f 342 341 351 
f 286 285 295 
f 20 19 22 
f 22 19 21 
f 257 247 256 
f 295 285 294 
f 22 21 24 
f 24 21 23 
f 351 341 350 
f 287 286 296 
f 24 23 26 
f 26 23 25 
f 396 395 81 
f 296 286 295 
f 26 25 28 
f 28 25 27 
f 249 248 258 
f 288 287 297 
f 28 27 30 
f 30 27 29 
f 258 248 257 
f 297 287 296 
f 30 29 32 
f 32 29 31 
f 250 249 259 
f 384 383 393 
f 32 31 34 
f 34 31 33 
f 299 298 308 
f 393 383 392 
f 34 33 36 
f 36 33 35 
f 308 298 307 
f 385 384 394 
f 36 35 38 
f 38 35 37 
f 300 299 309 
f 394 384 393 
f 38 37 40 
f 40 37 39 
f 309 299 308 
f 386 385 395 
f 40 39 42 
f 42 39 41 
f 301 300 310 
f 349 339 348 
f 42 41 44 
f 44 41 43 
f 310 300 309 
f 341 340 350 
f 44 43 46 
f 46 43 45 
f 302 301 311 
f 350 340 349 
f 46 45 48 
f 48 45 47 
f 311 301 310 
f 259 249 258 
f 48 47 50 
f 50 47 49 
f 303 302 312 
f 251 250 260 
f 50 49 52 
f 52 49 51 
f 312 302 311 
f 290 289 299 
f 52 51 54 
f 54 51 53 
f 304 303 313 
f 299 289 298 
f 54 53 56 
f 56 53 55 
f 313 303 312 
f 291 290 300 
f 56 55 58 
f 58 55 57 
f 305 304 314 
f 300 290 299 
f 58 57 60 
f 60 57 59 
f 314 304 313 
f 292 291 301 
f 60 59 62 
f 62 59 61 
f 306 305 315 
f 301 291 300 
f 62 61 64 
f 64 61 63 
f 315 305 314 
f 293 292 302 
f 64 63 66 
f 66 63 65 
f 81 395 80 
f 302 292 301 
f 66 65 68 
f 68 65 67 
f 260 250 259 
f 294 293 303 
f 68 67 70 
f 70 67 69 
f 252 251 261 
f 303 293 302 
f 70 69 72 
f 72 69 71 
f 261 251 260 
f 295 294 304 
f 72 71 2 
f 2 71 1 
f 384 374 383 
f 376 375 385 
f 385 375 384 
f 308 307 317 
f 377 376 386 
f 386 376 385 
f 74 73 83 
f 83 73 82 
f 75 74 84 
f 84 74 83 
f 76 75 85 
f 85 75 84 
f 77 76 86 
f 86 76 85 
f 78 77 87 
f 87 77 86 
f 79 78 88 
f 88 78 87 
f 80 79 89 
f 89 79 88 
f 81 80 90 
f 90 80 89 
f 395 394 80 
f 80 394 79 
f 254 253 263 
f 263 253 262 
f 344 343 353 
f 317 307 316 
f 309 308 318 
f 318 308 317 
f 255 254 264 
f 264 254 263 
f 83 82 92 
f 92 82 91 
f 84 83 93 
f 93 83 92 
f 85 84 94 
f 94 84 93 
f 86 85 95 
f 95 85 94 
f 87 86 96 
f 96 86 95 
f 88 87 97 
f 97 87 96 
f 89 88 98 
f 98 88 97 
f 90 89 99 
f 99 89 98 
f 256 255 265 
f 265 255 264 
f 353 343 352 
f 345 344 354 
f 354 344 353 
f 310 309 319 
f 257 256 266 
f 319 309 318 
f 266 256 265 
f 258 257 267 
f 92 91 101 
f 101 91 100 
f 93 92 102 
f 102 92 101 
f 94 93 103 
f 103 93 102 
f 95 94 104 
f 104 94 103 
f 96 95 105 
f 105 95 104 
f 97 96 106 
f 106 96 105 
f 98 97 107 
f 107 97 106 
f 99 98 108 
f 108 98 107 
f 267 257 266 
f 248 247 257 
f 346 345 355 
f 355 345 354 
f 347 346 356 
f 311 310 320 
f 320 310 319 
f 312 311 321 
f 259 258 268 
f 268 258 267 
f 101 100 110 
f 110 100 109 
f 102 101 111 
f 111 101 110 
f 103 102 112 
f 112 102 111 
f 104 103 113 
f 113 103 112 
f 105 104 114 
f 114 104 113 
f 106 105 115 
f 115 105 114 
f 107 106 116 
f 116 106 115 
f 108 107 117 
f 117 107 116 
f 260 259 269 
f 269 259 268 
f 356 346 355 
f 348 347 357 
f 357 347 356 
f 321 311 320 
f 313 312 322 
f 322 312 321 
f 261 260 270 
f 270 260 269 
f 110 109 119 
f 119 109 118 
f 111 110 120 
f 120 110 119 
f 112 111 121 
f 121 111 120 
f 113 112 122 
f 122 112 121 
f 114 113 123 
f 123 113 122 
f 115 114 124 
f 124 114 123 
f 116 115 125 
f 125 115 124 
f 117 116 126 
f 126 116 125 
f 378 377 387 
f 387 377 386 
f 349 348 358 
f 358 348 357 
f 350 349 359 
f 314 313 323 
f 335 334 344 
f 323 313 322 
f 344 334 343 
f 336 335 345 
f 119 118 128 
f 128 118 127 
f 120 119 129 
f 129 119 128 
f 121 120 130 
f 130 120 129 
f 122 121 131 
f 131 121 130 
f 123 122 132 
f 132 122 131 
f 124 123 133 
f 133 123 132 
f 125 124 134 
f 134 124 133 
f 126 125 135 
f 135 125 134 
f 359 349 358 
f 256 246 255 
f 351 350 360 
f 360 350 359 
f 315 314 324 
f 324 314 323 
f 389 388 74 
f 74 388 73 
f 345 335 344 
f 337 336 346 
f 128 127 137 
f 137 127 136 
f 129 128 138 
f 138 128 137 
f 130 129 139 
f 139 129 138 
f 131 130 140 
f 140 130 139 
f 132 131 141 
f 141 131 140 
f 133 132 142 
f 142 132 141 
f 134 133 143 
f 143 133 142 
f 135 134 144 
f 144 134 143 
f 263 262 272 
f 272 262 271 
f 390 389 75 
f 75 389 74 
f 264 263 273 
f 391 390 76 
f 273 263 272 
f 265 264 274 
f 274 264 273 
f 266 265 275 
f 137 136 146 
f 146 136 145 
f 138 137 147 
f 147 137 146 
f 139 138 148 
f 148 138 147 
f 140 139 149 
f 149 139 148 
f 141 140 150 
f 150 140 149 
f 142 141 151 
f 151 141 150 
f 143 142 152 
f 152 142 151 
f 144 143 153 
f 153 143 152 
f 275 265 274 
f 267 266 276 
f 276 266 275 
f 353 352 362 
f 362 352 361 
f 317 316 326 
f 326 316 325 
f 318 317 327 
f 268 267 277 
f 277 267 276 
f 146 145 155 
f 155 145 154 
f 147 146 156 
f 156 146 155 
f 148 147 157 
f 157 147 156 
f 149 148 158 
f 158 148 157 
f 150 149 159 
f 159 149 158 
f 151 150 160 
f 160 150 159 
f 152 151 161 
f 161 151 160 
f 153 152 162 
f 162 152 161 
f 354 353 363 
f 269 268 278 
f 363 353 362 
f 355 354 364 
f 364 354 363 
f 327 317 326 
f 319 318 328 
f 328 318 327 
f 278 268 277 
f 270 269 279 
f 155 154 164 
f 164 154 163 
f 156 155 165 
f 165 155 164 
f 157 156 166 
f 166 156 165 
f 158 157 167 
f 167 157 166 
f 159 158 168 
f 168 158 167 
f 160 159 169 
f 169 159 168 
f 161 160 170 
f 170 160 169 
f 162 161 171 
f 171 161 170 
f 356 355 365 
f 365 355 364 
f 357 356 366 
f 366 356 365 
f 358 357 367 
f 320 319 329 
f 329 319 328 
f 321 320 330 
f 279 269 278 
f 380 379 389 
f 164 163 173 
f 173 163 172 
f 165 164 174 
f 174 164 173 
f 166 165 175 
f 175 165 174 
f 167 166 176 
f 176 166 175 
f 168 167 177 
f 177 167 176 
f 169 168 178 
f 178 168 177 
f 170 169 179 
f 179 169 178 
f 171 170 180 
f 180 170 179 
f 367 357 366 
f 389 379 388 
f 359 358 368 
f 368 358 367 
f 360 359 369 
f 330 320 329 
f 322 321 331 
f 331 321 330 
f 381 380 390 
f 346 336 345 
f 173 172 182 
f 182 172 181 
f 174 173 183 
f 183 173 182 
f 175 174 184 
f 184 174 183 
f 176 175 185 
f 185 175 184 
f 177 176 186 
f 186 176 185 
f 178 177 187 
f 187 177 186 
f 179 178 188 
f 188 178 187 
f 180 179 189 
f 189 179 188 
f 369 359 368 
f 338 337 347 
f 323 322 332 
f 332 322 331 
f 324 323 333 
f 333 323 332 
f 76 390 75 
f 392 391 77 
f 347 337 346 
f 272 271 281 
f 182 181 191 
f 191 181 190 
f 183 182 192 
f 192 182 191 
f 184 183 193 
f 193 183 192 
f 185 184 194 
f 194 184 193 
f 186 185 195 
f 195 185 194 
f 187 186 196 
f 196 186 195 
f 188 187 197 
f 197 187 196 
f 189 188 198 
f 198 188 197 
f 281 271 280 
f 273 272 282 
f 362 361 371 
f 371 361 370 
f 363 362 372 
f 77 391 76 
f 393 392 78 
f 78 392 77 
f 282 272 281 
f 274 273 283 
f 191 190 200 
f 200 190 199 
f 192 191 201 
f 201 191 200 
f 193 192 202 
f 202 192 201 
f 194 193 203 
f 203 193 202 
f 195 194 204 
f 204 194 203 
f 196 195 205 
f 205 195 204 
f 197 196 206 
f 206 196 205 
f 198 197 207 
f 207 197 206 
f 372 362 371 
f 283 273 282 
f 364 363 373 
f 373 363 372 
f 365 364 374 
f 275 274 284 
f 284 274 283 
f 326 325 335 
f 276 275 285 
f 285 275 284 
f 200 199 209 
f 209 199 208 
f 201 200 210 
f 210 200 209 
f 202 201 211 
f 211 201 210 
f 203 202 212 
f 212 202 211 
f 204 203 213 
f 213 203 212 
f 205 204 214 
f 214 204 213 
f 206 205 215 
f 215 205 214 
f 207 206 216 
f 216 206 215 
f 374 364 373 
f 277 276 286 
f 366 365 375 
f 375 365 374 
f 367 366 376 
f 335 325 334 
f 327 326 336 
f 336 326 335 
f 286 276 285 
f 278 277 287 
f 209 208 218 
f 218 208 217 
f 210 209 219 
f 219 209 218 
f 211 210 220 
f 220 210 219 
f 212 211 221 
f 221 211 220 
f 213 212 222 
f 222 212 221 
f 214 213 223 
f 223 213 222 
f 215 214 224 
f 224 214 223 
f 216 215 225 
f 225 215 224 
f 376 366 375 
f 368 367 377 
f 377 367 376 
f 369 368 378 
f 378 368 377 
f 328 327 337 
f 337 327 336 
f 329 328 338 
f 287 277 286 
f 279 278 288 
f 218 217 227 
f 227 217 226 
f 219 218 228 
f 228 218 227 
f 220 219 229 
f 229 219 228 
f 221 220 230 
f 230 220 229 
f 222 221 231 
f 231 221 230 
f 223 222 232 
f 232 222 231 
f 224 223 233 
f 233 223 232 
f 225 224 234 
f 234 224 233 
f 288 278 287 
f 338 328 337 
f 330 329 339 
f 339 329 338 
f 390 380 389 
f 331 330 340 
f 340 330 339 
f 332 331 341 
f 382 381 391 
f 391 381 390 
f 227 226 236 
f 236 226 235 
f 228 227 237 
f 237 227 236 
f 229 228 238 
f 238 228 237 
f 230 229 239 
f 239 229 238 
f 231 230 240 
f 240 230 239 
f 232 231 241 
f 241 231 240 
f 233 232 242 
f 242 232 241 
f 234 233 243 
f 243 233 242 
f 383 382 392 
f 371 370 380 
f 380 370 379 
f 372 371 381 
f 381 371 380 
f 341 331 340 
f 333 332 342 
f 342 332 341 
f 392 382 391 
f 339 338 348 
f 236 235 245 
f 245 235 244 
f 237 236 246 
f 246 236 245 
f 238 237 247 
f 247 237 246 
f 239 238 248 
f 248 238 247 
f 240 239 249 
f 249 239 248 
f 241 240 250 
f 250 240 249 
f 242 241 251 
f 251 241 250 
f 243 242 252 
f 252 242 251 
f 373 372 382 
f 382 372 381 
f 374 373 383 
f 383 373 382 
f 375 374 384 
f 394 393 79 
f 348 338 347 
f 79 393 78 
f 340 339 349 
f 281 280 290 
f 245 244 254 
f 254 244 253 
f 246 245 255 
f 255 245 254 
f 247 246 256 

